key,0,1
#,,
offset,0,4
int32,str,str
0,TEXT_VOICEMAN_06004_000010_VOICEGUIDE,(-亞拉戈機械的聲音-)皇血確認完成……請問有何指示。
1,TEXT_VOICEMAN_06004_000020_VOICEGUIDE,(-亞拉戈機械的聲音-)明白。<hex:02100103>解除希爾科斯塔的睡眠模式。<hex:02100103>開始在全體區域搜索名為「艾里迪布斯」的個體。
2,TEXT_VOICEMAN_06004_000030_VOICEGUIDE,(-亞拉戈機械的聲音-)目標位於地下深層的核心動力源附近。<hex:02100103>即將投映目標影像。
3,TEXT_VOICEMAN_06004_000040_ELIDIBUS,(-？？？？-)美好的時光……溫柔的歲月……<hex:02100103>原來都是夢……
4,TEXT_VOICEMAN_06004_000050_ELIDIBUS,是你……你竟然會把我喚醒。<hex:02100103>看來發生了什麼不得了的事。
5,TEXT_VOICEMAN_06004_000060_ELIDIBUS,我已無法觀望世界的動向，<hex:02100103>現在甚至都已經無法感受到佐狄亞克，<hex:02100103>說明你的來意吧。
6,TEXT_VOICEMAN_06004_000070_ELIDIBUS,原來佐狄亞克消失了……<hex:02100103>被獻祭的同胞們的靈魂，終於能夠回歸星海了……
7,TEXT_VOICEMAN_06004_000080_ELIDIBUS,既然如此，末日必然會再度降臨。<hex:02100103>你們獲得了明天，這就意味著要面對我們沒有解決的問題。
8,TEXT_VOICEMAN_06004_000090_ELIDIBUS,不過，對於試圖重現末日的法丹尼爾……<hex:02100103>我身為艾里迪布斯，十四人委員會的調停者，<hex:02100103>確實有必要負起責任。
9,TEXT_VOICEMAN_06004_000100_ELIDIBUS,是你最後那多餘的舉動，<hex:02100103>讓我找回了一些關於十四人委員會的記憶。
10,TEXT_VOICEMAN_06004_000110_ELIDIBUS,所以如果你有問題，<hex:02100103>在我知道的範圍內可以給你回答。
11,TEXT_VOICEMAN_06004_Q1_000_001_NONE_VOICE,要說什麼？
12,TEXT_VOICEMAN_06004_A1_000_001_NONE_VOICE,謝謝
13,TEXT_VOICEMAN_06004_A1_000_002_NONE_VOICE,抱歉……
14,TEXT_VOICEMAN_06004_000120_ELIDIBUS,免了，我只不過是想盡到責任而已，<hex:02100103>不需要你的感謝。
15,TEXT_VOICEMAN_06004_000130_ELIDIBUS,你不用向一個敗者道歉。<hex:02100103>你可以把這當成是一份謝禮，<hex:02100103>感謝你從法丹尼爾手中解放了佐狄亞克，沒有讓他破壞這個世界。
16,TEXT_VOICEMAN_06004_000140_ELIDIBUS,不過我其實也沒什麼好說的，<hex:02100103>關於末日，我知道的和你們調查的結果差不多。
17,TEXT_VOICEMAN_06004_000150_ELIDIBUS,星球是從天脈循環不暢的地方開始枯萎的。<hex:02100103>注意到這一點的，正是法丹尼爾……
18,TEXT_VOICEMAN_06004_000160_ELIDIBUS,當然了，並不是現在的法丹尼爾。<hex:02100103>而是在末日降臨之時，坐鎮這一席位的那個人。
19,TEXT_VOICEMAN_06004_000170_ELIDIBUS,他是最早開始調查末日並尋找對策的人，<hex:02100103>在這項工作上傾注了大量的心血。
20,TEXT_VOICEMAN_06004_000180_ELIDIBUS,他憑藉著鑽研的精神和累積的大量天文學知識，<hex:02100103>最終發現了天脈和末日之間的關係。
21,TEXT_VOICEMAN_06004_000190_ELIDIBUS,雖說現在的法丹尼爾已經是另一個人了，<hex:02100103>但好歹也是他的轉世。<hex:02100103>他的靈魂繼承者竟在期盼著末日的到來，真是令人唏噓。
22,TEXT_VOICEMAN_06004_000200_ELIDIBUS,厄爾庇斯？<hex:02100103>嗯……確實是我們那個時代的。
23,TEXT_VOICEMAN_06004_000210_ELIDIBUS,不過我所知道的並不是花的名字，<hex:02100103>而是一個地名。
24,TEXT_VOICEMAN_06004_000220_ELIDIBUS,厄爾庇斯是創造魔法的實驗場。<hex:02100103>被創造出來的生物都要在那裡接受生態調查，<hex:02100103>得到認可之後才能被放入世界之中。
25,TEXT_VOICEMAN_06004_000230_ELIDIBUS,我剛才提到的末日時的法丹尼爾，<hex:02100103>在進入十四人委員會之前，就在那裡擔任所長。
26,TEXT_VOICEMAN_06004_000240_ELIDIBUS,當時，他的名字是赫密士。
27,TEXT_VOICEMAN_06004_000250_ELIDIBUS,不過，我無法判斷這些事與末日有什麼關係。
28,TEXT_VOICEMAN_06004_000260_ELIDIBUS,你拿著的記憶水晶中只有關於十四人委員會的記憶……<hex:02100103>他們就任之前的情報幾乎是一片空白。
29,TEXT_VOICEMAN_06004_000270_ELIDIBUS,厄爾庇斯也在過去的末日中徹底毀壞了。<hex:02100103>即便那裡真的藏著什麼秘密，<hex:02100103>你也不可能找到……
30,TEXT_VOICEMAN_06004_000280_ELIDIBUS,等一下……我記得……<hex:02100103>曾經在厄爾庇斯見過你……
31,TEXT_VOICEMAN_06004_000290_ELIDIBUS,好奇怪啊，這不可能……<hex:02100103>這段記憶到底是怎麼回事……？
32,TEXT_VOICEMAN_06004_000300_ELIDIBUS,心裡這種感覺……為什麼……
33,TEXT_VOICEMAN_06004_000310_ELIDIBUS,抱歉，看來我的記憶有點混亂。<hex:02100103>不過這讓我想到了一個主意。
34,TEXT_VOICEMAN_06004_000320_ELIDIBUS,回到過去的厄爾庇斯吧……<hex:02100103>到那個赫密士還擔任所長的時期。
35,TEXT_VOICEMAN_06004_000330_ELIDIBUS,我曾經窺探過水晶公的記憶，<hex:02100103>知道如何控制這座能穿越時空的塔。<hex:02100103>而且他那個召喚術我之前也實際使用過。
36,TEXT_VOICEMAN_06004_000340_ELIDIBUS,再加上你們那時候，把我連同我召集的力量一同封印了起來。<hex:02100103>現在這座塔裡應該有足夠多的力量。
37,TEXT_VOICEMAN_06004_000350_ELIDIBUS,更何況要去的時代和地點都已經十分明確了。<hex:02100103>我相信，它一定能夠把你送回過去。
38,TEXT_VOICEMAN_06004_000360_ELIDIBUS,不過……畢竟那個時代太久遠，<hex:02100103>即便條件已經相當充足，可能也很難完整地穿越過去。
39,TEXT_VOICEMAN_06004_000370_ELIDIBUS,就算成功到達目的地，<hex:02100103>恐怕你的存在感也會變得十分薄弱，<hex:02100103>甚至會比我曾經召喚的那些「光之戰士」更弱。
40,TEXT_VOICEMAN_06004_000380_ELIDIBUS,誰也看不到你，你的聲音也無法傳達到任何人耳中……
41,TEXT_VOICEMAN_06004_000390_ELIDIBUS,即使成功與人交流，<hex:02100103>你也只是一個歷史的旁觀者，<hex:02100103>無法從根本上解決問題。
42,TEXT_VOICEMAN_06004_000400_ELIDIBUS,因為你終將回到這裡，<hex:02100103>而這個世界的歷史上，末日確實降臨了。
43,TEXT_VOICEMAN_06004_000410_ELIDIBUS,無論你在過去做了什麼，<hex:02100103>都無法消除這邊曾經發生的悲劇，<hex:02100103>也無法阻止已經到來的苦難。
44,TEXT_VOICEMAN_06004_000420_ELIDIBUS,即便如此，你也要去嗎？<hex:02100103>甚至不惜將性命交給曾經的敵人？
45,TEXT_VOICEMAN_06004_000430_ELIDIBUS,好，我明白了……<hex:02100103>那就讓我盡到調停者最後的責任，<hex:02100103>將你送回過去吧。
46,TEXT_VOICEMAN_06004_000440_ELIDIBUS,現在的我已經沒有操作許可權了。<hex:02100103>所以我會教你方法。
47,TEXT_VOICEMAN_06004_000450_ELIDIBUS,首先，你要用塔內儲存的乙太，<hex:02100103>構築時空傳送魔法……
48,TEXT_VOICEMAN_06004_000460_ELIDIBUS,好了，一切準備就緒。<hex:02100103>穿越時空的通道很快就會打開，去觀星室吧。
49,TEXT_VOICEMAN_06004_000470_ELIDIBUS,很好，乙太正在順利地流入其中。
50,TEXT_VOICEMAN_06004_000480_ELIDIBUS,這樣一來，我的靈魂也算實現價值了。
51,TEXT_VOICEMAN_06004_000490_ELIDIBUS,有什麼可驚訝的，<hex:02100103>我說過吧，這是我「最後」的責任。
52,TEXT_VOICEMAN_06004_000500_ELIDIBUS,如今佐狄亞克已經消失，我自然也沒有理由繼續留在這裡。
53,TEXT_VOICEMAN_06004_000510_ELIDIBUS,我也是時候回去了……<hex:02100103>不是夢裡，而是到那片應許之地，<hex:02100103>與我思念的人們再次相見。
54,TEXT_VOICEMAN_06004_000520_ELIDIBUS,出發吧，光之戰士。<hex:02100103>不必猶豫，不要回頭。
55,TEXT_VOICEMAN_06004_000530_ELIDIBUS,海德林 我先走一步了<hex:02100103>如今經歷過舊世的真人 就只剩下你一個了吧
56,TEXT_VOICEMAN_06004_000540_ELIDIBUS,最後一個人 肯定是最寂寞的<hex:02100103>你將不得不孤身面對一切 就當這是佐狄亞克的報復吧
57,TEXT_VOICEMAN_06004_000550_ELIDIBUS,一切都交給你了 請你和這位新的英雄<hex:02100103>保護好這顆星球
58,TEXT_VOICEMAN_06004_000560_HYTHLODAEUS,(-？？？？-)我們到了。<hex:02100103>這裡就是厄爾庇斯。
59,TEXT_VOICEMAN_06004_000570_PROPYLAIONSTAFF,您居然會直接過來，真是少見啊。<hex:02100103>這次是有什麼要事嗎？
60,TEXT_VOICEMAN_06004_000580_HYTHLODAEUS,(-似曾相識的青年-)哦，確實有些事要辦。<hex:02100103>可能會待在這裡一段時間，沒問題吧？
61,TEXT_VOICEMAN_06004_000590_PROPYLAIONSTAFF,當然沒問題。<hex:02100103>不過按照對外來人員的規定，<hex:02100103>還是需要請二位摘下面具表明自己的身份。
62,TEXT_VOICEMAN_06004_000600_EMETSELCH,(-熟悉的聲音-)就算戴著面具也能認出誰是誰吧……
63,TEXT_VOICEMAN_06004_000610_HYTHLODAEUS,(-似曾相識的青年-)只能認出你吧，我可還沒那麼有名。<hex:02100103>不過這裡我們最好還是按規定來，不然他也不好交差。<hex:02100103>你那麼帥，給別人看看又沒關係。
64,TEXT_VOICEMAN_06004_000620_EMETSELCH,唉……
65,TEXT_VOICEMAN_06004_000630_EMETSELCH,(-聲音熟悉的青年-)這樣行了吧？
66,TEXT_VOICEMAN_06004_000640_PROPYLAIONSTAFF,非常感謝二位的配合。<hex:02100103>現在可以進去了。
67,TEXT_VOICEMAN_06004_000650_HYTHLODAEUS,(-似曾相識的青年-)我說……你能看到那個吧？
68,TEXT_VOICEMAN_06004_000660_EMETSELCH,(-聲音熟悉的青年-)聽不懂你在說什麼。<hex:02100103>我什麼都沒看到。
69,TEXT_VOICEMAN_06004_000670_HYTHLODAEUS,(-似曾相識的青年-)別裝了，我才不信。
70,TEXT_VOICEMAN_06004_000680_HYTHLODAEUS,(-似曾相識的青年-)你看，就在這！<hex:02100103>雖然淡到難以辨認，<hex:02100103>但這個靈魂的顏色和阿謝姆的幾乎一模一樣。
71,TEXT_VOICEMAN_06004_000690_HYTHLODAEUS,(-似曾相識的青年-)難道這是他創造出來的？<hex:02100103>不過帶有靈魂的使魔還真少見。
72,TEXT_VOICEMAN_06004_000700_HYTHLODAEUS,(-似曾相識的青年-)難道這是她創造出來的？<hex:02100103>不過帶有靈魂的使魔還真少見。
73,TEXT_VOICEMAN_06004_000710_EMETSELCH,(-聲音熟悉的青年-)別問我。<hex:02100103>跟那傢伙扯上關係就沒好事，<hex:02100103>靈魂顏色一樣的就更不會好了。
74,TEXT_VOICEMAN_06004_000720_EMETSELCH,(-聲音熟悉的青年-)所以別管了。趕快走吧。
75,TEXT_VOICEMAN_06004_000730_HYTHLODAEUS,(-似曾相識的青年-)唔……這個使魔似乎在說些什麼，<hex:02100103>不過我完全聽不到聲音。<hex:02100103>這樣可無法交流啊。
76,TEXT_VOICEMAN_06004_000740_HYTHLODAEUS,(-似曾相識的青年-)不如你借點乙太給它吧？<hex:02100103>反正你有的是魔力。
77,TEXT_VOICEMAN_06004_000750_EMETSELCH,(-聲音熟悉的青年-)你把我當成什麼了……
78,TEXT_VOICEMAN_06004_000760_HYTHLODAEUS,(-似曾相識的青年-)當然是一位好心的摯友！<hex:02100103>看在我陪你走了這麼遠的份上，<hex:02100103>這麼一個小小的請求不過分吧。
79,TEXT_VOICEMAN_06004_000770_EMETSELCH,唉……
80,TEXT_VOICEMAN_06004_000780_EMETSELCH,(-聲音熟悉的青年-)喂，閉上眼睛。<hex:02100103>不然的話有你受的。
81,TEXT_VOICEMAN_06004_000790_EMETSELCH,(-聲音熟悉的青年-)可以睜眼了。
82,TEXT_VOICEMAN_06004_000800_HYTHLODAEUS,(-似曾相識的青年-)呵呵呵……等一下……<hex:02100103>怎麼還是這麼小啊？
83,TEXT_VOICEMAN_06004_000810_EMETSELCH,(-聲音熟悉的青年-)從頭部尺寸來看，這個大小正合適。<hex:02100103>不能變得更大了。
84,TEXT_VOICEMAN_06004_000820_HYTHLODAEUS,(-似曾相識的青年-)好吧好吧……呵呵……
85,TEXT_VOICEMAN_06004_000830_HYTHLODAEUS,(-似曾相識的青年-)等一下……呵呵呵……<hex:02100103>是不是有點大過頭了啊？
86,TEXT_VOICEMAN_06004_000840_EMETSELCH,(-聲音熟悉的青年-)但是身體比例正合適。<hex:02100103>你要是想整體縮小點倒是也可以。
87,TEXT_VOICEMAN_06004_000850_HYTHLODAEUS,(-似曾相識的青年-)不用了，這樣挺好的……呵呵……
88,TEXT_VOICEMAN_06004_000860_HYTHLODAEUS,(-似曾相識的青年-)哎呀，你連大小都調整了嗎？
89,TEXT_VOICEMAN_06004_000870_EMETSELCH,(-聲音熟悉的青年-)原先那麼小你們怎麼交流，<hex:02100103>這樣方便多了。
90,TEXT_VOICEMAN_06004_000880_HYTHLODAEUS,(-似曾相識的青年-)嗯，真不愧是你，想得就是周到，<hex:02100103>補充乙太也做得相當漂亮。
91,TEXT_VOICEMAN_06004_000890_HYTHLODAEUS,好了，我們來正式打個招呼吧。<hex:02100103>初次見面，我是希斯拉德，是創造管理局的局長。
92,TEXT_VOICEMAN_06004_000900_HYTHLODAEUS,旁邊這位是愛梅特賽爾克。<hex:02100103>他可是十四人委員會的成員。
93,TEXT_VOICEMAN_06004_000910_HYTHLODAEUS,你有名字嗎？<hex:02100103>我說的話能聽得懂嗎？
94,TEXT_VOICEMAN_06004_000920_HYTHLODAEUS,看來我們可以交流，真不錯。<hex:02100103>是個好名字，我們以後也這麼稱呼你吧。
95,TEXT_VOICEMAN_06004_000930_HYTHLODAEUS,那你是從哪裡來的？<hex:02100103>狀態這麼不穩定，應該不是在這裡被創造的吧……
96,TEXT_VOICEMAN_06004_000940_HYTHLODAEUS,不知道……或者是無法回答嗎？<hex:02100103>好吧，那我換個問題。
97,TEXT_VOICEMAN_06004_000950_HYTHLODAEUS,你為什麼會來這裡？
98,TEXT_VOICEMAN_06004_Q2_000_001_NONE_VOICE,如何作答？
99,TEXT_VOICEMAN_06004_A2_000_001_NONE_VOICE,我是來找赫密士的
100,TEXT_VOICEMAN_06004_A2_000_002_NONE_VOICE,我想了解一下厄爾庇斯
101,TEXT_VOICEMAN_06004_000960_HYTHLODAEUS,真讓人驚訝。<hex:02100103>竟然和我們的目的一樣。
102,TEXT_VOICEMAN_06004_000970_HYTHLODAEUS,我覺得這就是阿謝姆的使魔，<hex:02100103><hex:02080DE905FF04>她<hex:FF04>他<hex:03>可能也想和我們一起來吧。
103,TEXT_VOICEMAN_06004_000980_EMETSELCH,不見得，<hex:02080DE905FF04>她<hex:FF04>他<hex:03>那什麼事都要自己上的性格你也知道。<hex:02100103>肯定不會只派個使魔來的。
104,TEXT_VOICEMAN_06004_000990_HYTHLODAEUS,說的也是……
105,TEXT_VOICEMAN_06004_001000_HYTHLODAEUS,抱歉，我不該擅自猜測你的身份。<hex:02100103>我們能夠看到靈魂的顏色，<hex:02100103>你的顏色正好和我們的一個朋友非常相似。
106,TEXT_VOICEMAN_06004_001010_HYTHLODAEUS,再加上你和我們的目的一致，<hex:02100103>我真以為你是<hex:02080DE905FF04>她<hex:FF04>他<hex:03>的使魔。
107,TEXT_VOICEMAN_06004_001020_HYTHLODAEUS,我們是來這裡找赫密士所長談話的，<hex:02100103>同時也想要參觀一下厄爾庇斯，瞭解了解他平時的工作。
108,TEXT_VOICEMAN_06004_001030_HYTHLODAEUS,哦不對，準確地說，這其實是愛梅特賽爾克的目的。<hex:02100103>我因為工作來過幾次，這次只是來當他的導覽而已。
109,TEXT_VOICEMAN_06004_001040_HYTHLODAEUS,你要不要和我們一起行動？<hex:02100103>我可以為你介紹一下這裡，<hex:02100103>就當是為剛才搞錯了你的身份賠禮道歉。
110,TEXT_VOICEMAN_06004_001050_EMETSELCH,喂，我們可是在執行公務，<hex:02100103>帶著這種來路不明的傢伙不合適吧。
111,TEXT_VOICEMAN_06004_001060_HYTHLODAEUS,沒什麼關係吧，<hex:02100103>而且正因為來路不明，我們才應該放在身邊好好看著啊。
112,TEXT_VOICEMAN_06004_001070_HYTHLODAEUS,再說了，在這個地方，<hex:02100103>帶著奇妙的生物才是正常的吧。
113,TEXT_VOICEMAN_06004_001080_HYTHLODAEUS,歡迎來到天際的厄爾庇斯！<hex:02100103>這裡是創造魔法的實驗場！
114,TEXT_VOICEMAN_06004_001090_VENAS,(-？？？？-)那是……
115,TEXT_VOICEMAN_06004_001100_METEION,(-？？？？-)赫密士！<hex:02100103>地面上、什麼人、來了！
116,TEXT_VOICEMAN_06004_001110_EMETSELCH,就讓我來看看，這裡究竟藏著什麼秘密吧……
117,TEXT_VOICEMAN_06004_001120_HERMES,你是……
118,TEXT_VOICEMAN_06004_001130_METEION,哇！
119,TEXT_VOICEMAN_06004_001135_METEION,啊！
120,TEXT_VOICEMAN_06004_001140_METEION,(-有著藍色翅膀的少女-)你和、其他人、不一樣！
121,TEXT_VOICEMAN_06004_001150_METEION,(-有著藍色翅膀的少女-)我們、很像！朋友、那個……<hex:02100103>做朋友、我們、能不能……
122,TEXT_VOICEMAN_06004_001160_METEION,(-有著藍色翅膀的少女-)唔……等等、等一下……
123,TEXT_VOICEMAN_06004_001170_METEION,(-有著藍色翅膀的少女-)你好！你好！<hex:02100103>能聽到嗎？
124,TEXT_VOICEMAN_06004_001180_METEION,(-有著藍色翅膀的少女-)我沒有敵意，我不是你的敵人。<hex:02100103>我想聽聽你的聲音，體會你的感受，了解你的思想。
125,TEXT_VOICEMAN_06004_001190_METEION,(-有著藍色翅膀的少女-)能和我……交個朋友嗎？
126,TEXT_VOICEMAN_06004_001200_METEION,(-有著藍色翅膀的少女-)嘿嘿……和我、交朋友！
127,TEXT_VOICEMAN_06004_001210_HYTHLODAEUS,啊，你找到他了呀。
128,TEXT_VOICEMAN_06004_001220_HERMES,希斯拉德，好久不見了……
129,TEXT_VOICEMAN_06004_001230_HYTHLODAEUS,是啊，作為工作夥伴來說確實太久沒見了。<hex:02100103>不過今天有事找你的並不是我。
130,TEXT_VOICEMAN_06004_001240_HERMES,你是十四人委員會的……
131,TEXT_VOICEMAN_06004_001250_EMETSELCH,我是愛梅特賽爾克。<hex:02100103>你就是這裡的所長赫密士吧？
132,TEXT_VOICEMAN_06004_001260_HERMES,是的。<hex:02100103>這裡離亞馬烏羅提很遠吧，真是辛苦你了。
133,TEXT_VOICEMAN_06004_001270_EMETSELCH,是挺遠，不過考慮到厄爾庇斯的用途，建得遠一點也合情合理。<hex:02100103>只是來一趟就不得不找一個帶路的了。
134,TEXT_VOICEMAN_06004_001280_HYTHLODAEUS,喂，什麼叫帶路的啊？<hex:02100103>我明明是一位好心的摯友！
135,TEXT_VOICEMAN_06004_001290_HYTHLODAEUS,另外這邊這位，則是我們剛才在前關門遇到的……
136,TEXT_VOICEMAN_06004_001300_HYTHLODAEUS,這麼快就搞好關係了啊。<hex:02100103>這個藍色的小姑娘是你的使魔嗎？
137,TEXT_VOICEMAN_06004_001310_HERMES,她叫梅蒂恩……<hex:02100103>這個名字是「流星」的意思。
138,TEXT_VOICEMAN_06004_001320_HYTHLODAEUS,嗯……她體內的乙太相當稀少呢，<hex:02100103>感覺會十分脆弱……
139,TEXT_VOICEMAN_06004_001330_HYTHLODAEUS,這個理念，你還沒有向創造管理局提出過申請吧？<hex:02100103>我印象中應該還是第一次見。
140,TEXT_VOICEMAN_06004_001340_HERMES,她是我出於個人研究目的創造的。<hex:02100103>現在還有各種測試沒有完成……
141,TEXT_VOICEMAN_06004_001350_HERMES,等研究全部完成，我會親自去創造管理局提出申請。<hex:02100103>到時候就靠你多關照了。
142,TEXT_VOICEMAN_06004_001360_HYTHLODAEUS,沒問題，畢竟你不但是這裡的所長，<hex:02100103>還是創造飛行生物的權威專家，<hex:02100103>按自己的計畫走就行。
143,TEXT_VOICEMAN_06004_001370_HYTHLODAEUS,我就等著到時候看你的成果了。
144,TEXT_VOICEMAN_06004_001380_EMETSELCH,閒聊得差不多了吧，<hex:02100103>該談談正事了。
145,TEXT_VOICEMAN_06004_001390_EMETSELCH,其實在看到我的時候，你應該就已經猜出大概了吧。
146,TEXT_VOICEMAN_06004_001400_HERMES,是的……<hex:02100103>總之，請你們先到主樓裡等我一下。
147,TEXT_VOICEMAN_06004_001410_HERMES,我得先把觀察對象送回造物院……<hex:02100103>之後就去找你們。
148,TEXT_VOICEMAN_06004_001415_HERMES,▼無字幕，長度固定（即興發揮）<hex:02100103>嗯？
149,TEXT_VOICEMAN_06004_001420_METEION,赫密士、怎麼了？
150,TEXT_VOICEMAN_06004_001430_HERMES,鈍口螈……少了1隻！
151,TEXT_VOICEMAN_06004_001440_HYTHLODAEUS,在那個方向……有著和這些小傢伙相同的乙太。<hex:02100103>而且，還是在院子外的樹上。
152,TEXT_VOICEMAN_06004_001450_EMETSELCH,它能用這種四肢……爬到樹上？
153,TEXT_VOICEMAN_06004_001460_HERMES,自從米特隆院創造出了會飛的魚之後，<hex:02100103>給水生生物加上浮空能力就成為了一種潮流……
154,TEXT_VOICEMAN_06004_001470_HERMES,鈍口螈也被賦予了一點點浮空能力……<hex:02100103>所以只要肯努力，還是能爬上樹的。<hex:02100103>但是，很有可能會下不來！
155,TEXT_VOICEMAN_06004_001480_METEION,我也、來幫忙！
156,TEXT_VOICEMAN_06004_001490_EMETSELCH,那剩下的這些要怎麼辦啊。
157,TEXT_VOICEMAN_06004_001500_HYTHLODAEUS,噗……哈哈哈……<hex:02100103>我們倆分工吧……每人看幾隻……呵呵……
158,TEXT_VOICEMAN_06004_001510_HYTHLODAEUS,抱歉，你去幫幫赫密士吧。<hex:02100103>剩下的鈍口螈就由我和愛梅特賽爾克看著。
159,TEXT_VOICEMAN_06004_001520_EMETSELCH,赫密士說的應該就是這裡吧。
160,TEXT_VOICEMAN_06004_001530_EMETSELCH,但是，你得出去。
161,TEXT_VOICEMAN_06004_001540_EMETSELCH,雖然我們要談的並不是什麼機密，<hex:02100103>但畢竟關係到他今後的人生，<hex:02100103>怎麼能讓一個連身份都不肯表明的傢伙聽到。
162,TEXT_VOICEMAN_06004_001550_EMETSELCH,怎麼，你有什麼意見嗎？
163,TEXT_VOICEMAN_06004_Q3_000_001_NONE_VOICE,如何作答？
164,TEXT_VOICEMAN_06004_A3_000_001_NONE_VOICE,我也有重要的問題要談
165,TEXT_VOICEMAN_06004_A3_000_002_NONE_VOICE,我也是有苦衷的
166,TEXT_VOICEMAN_06004_001560_EMETSELCH,我知道你有事找他，<hex:02100103>等我和他談完之後，你再來不就行了嗎。
167,TEXT_VOICEMAN_06004_001570_EMETSELCH,那先說來聽聽，<hex:02100103>說不定我們也可以幫你一把。
168,TEXT_VOICEMAN_06004_001580_HERMES,我不介意他也在場。
169,TEXT_VOICEMAN_06004_001590_HERMES,我不介意她也在場。
170,TEXT_VOICEMAN_06004_001600_EMETSELCH,赫密士……<hex:02100103>可是，這傢伙……
171,TEXT_VOICEMAN_06004_001610_HERMES,對我來說，梅蒂恩對<hex:02080DE905FF04>她<hex:FF04>他<hex:03>的信任和喜愛，<hex:02100103>比任何說法都更有說服力。
172,TEXT_VOICEMAN_06004_001620_HERMES,而且，有其他人在的話，我可能會比較容易保持冷靜。
173,TEXT_VOICEMAN_06004_001630_EMETSELCH,唉……
174,TEXT_VOICEMAN_06004_001640_EMETSELCH,好吧，我尊重你的意見。
175,TEXT_VOICEMAN_06004_001650_EMETSELCH,你只能旁聽，別插嘴，明白嗎？
176,TEXT_VOICEMAN_06004_001660_HERMES,所以你來找我的原因……
177,TEXT_VOICEMAN_06004_001670_EMETSELCH,就是你現在想到的，法丹尼爾已經決定卸任了。<hex:02100103>他推薦由你來繼承他的席位。
178,TEXT_VOICEMAN_06004_001680_EMETSELCH,十四人委員會十分欣賞你的工作成果和淵博的知識，<hex:02100103>因此正準備接受這個建議。
179,TEXT_VOICEMAN_06004_001690_EMETSELCH,我之所以會來這裡，是因為你我二人素不相識，<hex:02100103>我可以用最公正的眼光來衡量你。
180,TEXT_VOICEMAN_06004_001700_EMETSELCH,而且，我想要來確認一下你自己的意向。
181,TEXT_VOICEMAN_06004_001710_EMETSELCH,現任法丹尼爾曾經也是這裡的所長。<hex:02100103>聽說不管是工作還是私下，你們的關係都很好。
182,TEXT_VOICEMAN_06004_001720_EMETSELCH,他想要卸任的事，應該也多少向你透露過吧，<hex:02100103>所以你才能猜到我的來意。
183,TEXT_VOICEMAN_06004_001730_HERMES,沒錯……他的確對我說過：<hex:02100103>「當我履行完自己的職責，便會推舉你。」
184,TEXT_VOICEMAN_06004_001740_EMETSELCH,可是，你看起來似乎並不開心。<hex:02100103>是覺得加入十四人委員會有什麼不方便的地方？
185,TEXT_VOICEMAN_06004_001750_HERMES,不，不是的……
186,TEXT_VOICEMAN_06004_001760_HERMES,像我這種只知道悶頭搞研究的人，<hex:02100103>從來沒有想過能夠得到委員會的推舉，<hex:02100103>我感到無上的榮幸。
187,TEXT_VOICEMAN_06004_001770_HERMES,但是，現任法丹尼爾要從席位上退下來的事……<hex:02100103>我實在是無法接受……
188,TEXT_VOICEMAN_06004_001780_HERMES,他果然……還是要回歸星球嗎……
189,TEXT_VOICEMAN_06004_001790_EMETSELCH,我聽說他是有那個打算。<hex:02100103>過去曾加入十四人委員會的成員，<hex:02100103>基本都在卸任的同時選擇了回歸星球。
190,TEXT_VOICEMAN_06004_001800_METEION,回歸星球是、死了、的意思嗎？
191,TEXT_VOICEMAN_06004_001810_HYTHLODAEUS,真是稀奇。<hex:02100103>難道在厄爾庇斯，這種說法才是主流嗎？<hex:02100103>我幾乎從來沒有聽到過有人這麼說。
192,TEXT_VOICEMAN_06004_001820_HYTHLODAEUS,人類既是星球的意志，也是組成它的細胞。<hex:02100103>也可以說我們是在星球中流動的血液，<hex:02100103>用自己貢獻的「養分」養育這顆星球。
193,TEXT_VOICEMAN_06004_001830_HYTHLODAEUS,只要星球變得更加美好，<hex:02100103>這裡的所有生命都會更加幸福。
194,TEXT_VOICEMAN_06004_001840_HYTHLODAEUS,於是，我們都在不斷學習、思考、創造。<hex:02100103>多虧了大家共同的努力，<hex:02100103>這顆荒蕪的星球才能變得環境穩定，美麗富饒。
195,TEXT_VOICEMAN_06004_001850_HYTHLODAEUS,而回歸星球可以說是只有我們人類才擁有的榮幸。
196,TEXT_VOICEMAN_06004_001860_HYTHLODAEUS,貢獻出了足夠多的「養分」，做完了應該做的事之後，<hex:02100103>人類最終會選擇回歸星球來結束自己的人生。
197,TEXT_VOICEMAN_06004_001870_HYTHLODAEUS,這個最後的瞬間，無論何時都是最美麗的。
198,TEXT_VOICEMAN_06004_001880_EMETSELCH,十四人委員會的成員也不例外。<hex:02100103>一旦坐上某個席位，履行職責便成為了自己的使命。
199,TEXT_VOICEMAN_06004_001890_EMETSELCH,對我們來說，<hex:02100103>在上任之後，坐在席位上的時間就等同於壽命了。<hex:02100103>只有極少數人有其他想法。
200,TEXT_VOICEMAN_06004_001900_EMETSELCH,你無法接受法丹尼爾的回歸，<hex:02100103>是因為覺得他做出的功績還不夠嗎？
201,TEXT_VOICEMAN_06004_001910_EMETSELCH,可你應該也很清楚，<hex:02100103>他創造出了很多優秀的理念。
202,TEXT_VOICEMAN_06004_001920_EMETSELCH,特別是在動物方面，<hex:02100103>他活用了在厄爾庇斯工作時的經驗，<hex:02100103>創造了許多新的物種。
203,TEXT_VOICEMAN_06004_001930_HERMES,這些我當然知道。<hex:02100103>我只是……
204,TEXT_VOICEMAN_06004_001940_HERMES,為什麼就連他……那麼偉大的人……<hex:02100103>也選擇了回歸星球……
205,TEXT_VOICEMAN_06004_001950_HERMES,糟糕……<hex:02100103>我的心情似乎也讓她變得不安了。
206,TEXT_VOICEMAN_06004_001960_HERMES,抱歉，雖然是我建議你留下的，<hex:02100103>但現在能請你陪她出去走走，轉換一下心情嗎？
207,TEXT_VOICEMAN_06004_001970_HERMES,很驚人吧？<hex:02100103>這個「葡藤猩猩」可是最新的創造生物。
208,TEXT_VOICEMAN_06004_001980_HERMES,怎麼樣？進展如何了？
209,TEXT_VOICEMAN_06004_001990_METEION,這裡是、厄爾庇斯、那些花也是、厄爾庇斯！
210,TEXT_VOICEMAN_06004_002000_METEION,和我、一樣、是圓滿實體！
211,TEXT_VOICEMAN_06004_002010_HERMES,那種花是在這裡創造出來的，<hex:02100103>於是就以厄爾庇斯為它們命名了。
212,TEXT_VOICEMAN_06004_002020_HERMES,它們的出現其實是一次意外。<hex:02100103>以前這裡有一位職員特別喜歡創造各種美麗的花卉，<hex:02100103>她在反覆的調試和實驗中偶然創造出了一種前所未有的品種。
213,TEXT_VOICEMAN_06004_002030_HERMES,最令人驚異的是，它們能夠感應到周圍人的心情，<hex:02100103>並隨之改變自己的顏色。
214,TEXT_VOICEMAN_06004_002040_HERMES,不過，不管是在這裡還是地面上，<hex:02100103>它們通常都只是沒有任何陰霾的純白色。
215,TEXT_VOICEMAN_06004_002050_HYTHLODAEUS,哦？能夠映照人心嗎……<hex:02100103>那是什麼原理？
216,TEXT_VOICEMAN_06004_002060_HERMES,這個世界上，有一種不同於乙太的力量，<hex:02100103>會受到人們的情感影響。
217,TEXT_VOICEMAN_06004_002070_HERMES,就像我們可以自由地操控乙太一樣，<hex:02100103>這些花能夠反映出那種力量。
218,TEXT_VOICEMAN_06004_002080_HERMES,不過，花本身並沒有意志。<hex:02100103>因此它們只不過是接收周圍的感情，<hex:02100103>然後將其中的力量轉換為不同顏色的光芒。
219,TEXT_VOICEMAN_06004_002090_NIDHANA,(-尼答娜-)阿迦奢是拉札漢式鍊金術中存在的概念，<hex:02100103>指的是一種肉眼看不到的力量。<hex:02100103>有人說它是一種會被人們的情感所影響的力量。
220,TEXT_VOICEMAN_06004_002100_HERMES,阿迦奢……<hex:02100103>我還是第一次聽到這個叫法，<hex:02100103>不過你說的應該就是同一種東西。
221,TEXT_VOICEMAN_06004_002110_HERMES,我們叫它為做「潛能量」。
222,TEXT_VOICEMAN_06004_002120_HERMES,像厄爾庇斯花這樣，<hex:02100103>能與潛能量相互作用，並能將情感轉化為有形現象的……
223,TEXT_VOICEMAN_06004_002130_HERMES,我們則稱之為「圓滿實體」。
224,TEXT_VOICEMAN_06004_002140_METEION,我就是、我就是、圓滿實體！
225,TEXT_VOICEMAN_06004_002150_HERMES,嗯……<hex:02100103>她是世界上第一個，擁有自我意識的圓滿實體。
226,TEXT_VOICEMAN_06004_002160_EMETSELCH,等等。<hex:02100103>有一種不同於乙太的力量，叫做潛能量？
227,TEXT_VOICEMAN_06004_002170_EMETSELCH,連我都從來沒聽說過。
228,TEXT_VOICEMAN_06004_002180_HERMES,你不知道也很正常。<hex:02100103>首先，人類既看不見潛能量，也感知不到它。
229,TEXT_VOICEMAN_06004_002190_HERMES,雖然早就有理論認為它確實存在，<hex:02100103>但在我們偶然創造出厄爾庇斯花之前，<hex:02100103>沒有任何手段可以證實那些理論。
230,TEXT_VOICEMAN_06004_002200_HERMES,其次，潛能量比乙太要弱得多。<hex:02100103>在通常情況下，它的影響會完全被乙太所覆蓋。
231,TEXT_VOICEMAN_06004_002210_HERMES,對於我們這樣的生物來說，<hex:02100103>不但自身擁有大量乙太，同時也會利用乙太進行各種活動，<hex:02100103>基本上完全沒有使用潛能量的機會。
232,TEXT_VOICEMAN_06004_002220_HERMES,總之，那是一種若有似無的力量。<hex:02100103>所以只有一小部分研究者知道它的存在。
233,TEXT_VOICEMAN_06004_002230_EMETSELCH,原來如此……<hex:02100103>可是，既然潛能量無足輕重，<hex:02100103>你為什麼還要創造出梅蒂恩這樣的圓滿實體？
234,TEXT_VOICEMAN_06004_002240_HERMES,亞伊太利斯是一顆富含乙太的星球。<hex:02100103>所以就連名字都來源於乙太。
235,TEXT_VOICEMAN_06004_002250_HERMES,但是放眼整個宇宙的話……<hex:02100103>經計算，潛能量在所有質量和能量中的占比為68.3%。
236,TEXT_VOICEMAN_06004_002260_HERMES,這個數字要遠遠大於乙太的占比。<hex:02100103>如果能自由自在地控制潛能量的話……
237,TEXT_VOICEMAN_06004_002270_HERMES,這條小溪若只是緩緩流著，或許無法穿透石頭、<hex:02100103>但若像瀑布般氣勢洶湧的話，連岩石也能的削去……<hex:02100103>也就是說，潛能量會成為比乙太更強大的力量。
238,TEXT_VOICEMAN_06004_002280_HERMES,不過說實話，其實我並沒有那麼大的野心。
239,TEXT_VOICEMAN_06004_002290_HERMES,我只是想創造出能夠翱翔天際，<hex:02100103>穿越無垠宇宙的生物。
240,TEXT_VOICEMAN_06004_002300_HERMES,由於在宇宙中很難獲得乙太補給，<hex:02100103>所以我才嘗試著做出了能利用其他力量的生物。
241,TEXT_VOICEMAN_06004_002310_HYTHLODAEUS,哦，難怪她體內的乙太會這麼少。
242,TEXT_VOICEMAN_06004_002320_HERMES,嗯，正是如此。
243,TEXT_VOICEMAN_06004_002330_METEION,你也、很少！<hex:02100103>所以、圓滿實體、我們都是……
244,TEXT_VOICEMAN_06004_002340_METEION,不是嗎？
245,TEXT_VOICEMAN_06004_Q4_000_001_NONE_VOICE,要說什麼？
246,TEXT_VOICEMAN_06004_A4_000_001_NONE_VOICE,當然，我們是一樣的！
247,TEXT_VOICEMAN_06004_A4_000_002_NONE_VOICE,我曾經憑藉堅定的意志超越過極限
248,TEXT_VOICEMAN_06004_A4_000_003_NONE_VOICE,看來愛梅特賽爾克沒給我補充多少乙太
249,TEXT_VOICEMAN_06004_002350_EMETSELCH,你才沒那麼高級。<hex:02100103>明明在我賦予你實體之前，你都快消散了。<hex:02100103>而且到現在我們都不知道你究竟是從哪來的。
250,TEXT_VOICEMAN_06004_002360_EMETSELCH,你那只不過是被逼急了而已吧？
251,TEXT_VOICEMAN_06004_002370_EMETSELCH,呵，區區使魔真是忘恩負義啊。<hex:02100103>信不信我把你變回之前那種幾乎不存在的狀態。
252,TEXT_VOICEMAN_06004_002380_HERMES,乙太稀少並不代表就是圓滿實體。<hex:02100103>不過，那種情況倒確實會令你更容易與潛能量相互作用。
253,TEXT_VOICEMAN_06004_002390_HERMES,所以說不定在什麼時候會為你帶來勝利和轉機。<hex:02100103>希望你能好好珍惜……
254,TEXT_VOICEMAN_06004_002400_HERMES,啊，我都把它給忘了。<hex:02100103>請允許我離開一會，我還有幾件事想要確認一下。
255,TEXT_VOICEMAN_06004_002410_EMETSELCH,不不不，這種事你跟我說也沒用啊！
256,TEXT_VOICEMAN_06004_002420_HERMES,我聽說你能幫這隻漩渦女妖飛起來，<hex:02100103>而且也很樂於這樣做！
257,TEXT_VOICEMAN_06004_002430_HERMES,拜託你了，偉大的愛梅特賽爾克。<hex:02100103>請你教它怎麼飛翔吧！
258,TEXT_VOICEMAN_06004_002440_METEION,不然的話、赫密士就要、<hex:02100103>大變身、在這裡！
259,TEXT_VOICEMAN_06004_002450_HYTHLODAEUS,哎呀，不至於不至於，<hex:02100103>愛梅特賽爾克那麼心善，肯定會答應的。
260,TEXT_VOICEMAN_06004_002460_EMETSELCH,少在那裝了！<hex:02100103>就是你在背後煽風點火的吧！
261,TEXT_VOICEMAN_06004_002470_HYTHLODAEUS,不要說那麼難聽嘛。<hex:02100103>我只不過是給他們提供了一個很好的選擇而已。
262,TEXT_VOICEMAN_06004_002480_METEION,拜託了、愛梅特賽爾克！
263,TEXT_VOICEMAN_06004_002490_EMETSELCH,呃……
264,TEXT_VOICEMAN_06004_002500_EMETSELCH,唉……我可不是為了幫忙才來這裡的。<hex:02100103>麻煩你們記清楚這一點，好嗎？
265,TEXT_VOICEMAN_06004_002510_EMETSELCH,喂，你來負責讓它從地面上起飛。<hex:02100103>等它升空後，我再輔助它飛翔。
266,TEXT_VOICEMAN_06004_002520_HYTHLODAEUS,那我們就在旁邊看著吧。
267,TEXT_VOICEMAN_06004_002530_HYTHLODAEUS,你不是好奇為什麼愛梅特賽爾克會加入十四人委員會嗎。
268,TEXT_VOICEMAN_06004_002540_HYTHLODAEUS,其實，最開始受到邀請的並不是他，而是我。<hex:02100103>他們十分器重我能看到乙太的能力。
269,TEXT_VOICEMAN_06004_002550_HYTHLODAEUS,不過我拒絕了。<hex:02100103>我的確能比一般人看到更多的東西，<hex:02100103>但也僅僅只是能看到而已。
270,TEXT_VOICEMAN_06004_002560_HYTHLODAEUS,要說操控乙太的能力，我應該算是比較差的吧。<hex:02100103>不瞞你說，我甚至都不會變身……
271,TEXT_VOICEMAN_06004_002570_HYTHLODAEUS,就算能看到，能發現其中的問題，<hex:02100103>但如果無法解決，那又有什麼意義呢？
272,TEXT_VOICEMAN_06004_002580_HYTHLODAEUS,與我相比，愛梅特賽爾克堪稱完美。<hex:02100103>他不僅能看到乙太，還可以利用那些乙太施放出強大的魔法。
273,TEXT_VOICEMAN_06004_002590_HYTHLODAEUS,在我所知道的範圍裡，他是最偉大的魔道士。
274,TEXT_VOICEMAN_06004_002600_HYTHLODAEUS,所以我向十四人委員會推薦了他。<hex:02100103>而且不光是我，世界各地都有很多推舉他的聲音。
275,TEXT_VOICEMAN_06004_002610_HYTHLODAEUS,那些曾經被他幫助過的人都十分認可他的能力。
276,TEXT_VOICEMAN_06004_002620_HYTHLODAEUS,呵呵……不過他本人可是大吃一驚。<hex:02100103>因為他從來沒有想過要幫助誰。
277,TEXT_VOICEMAN_06004_002630_HYTHLODAEUS,我和愛梅特賽爾克還有一個關係很好的朋友。
278,TEXT_VOICEMAN_06004_002640_HYTHLODAEUS,<hex:02080DE905FF04>她<hex:FF04>他<hex:03>非常熱衷於幫別人解決問題，<hex:02100103>哪怕是芝麻大小的事也會積極參與，<hex:02100103>但也常常惹出麻煩。
279,TEXT_VOICEMAN_06004_002650_HYTHLODAEUS,愛梅特賽爾克總會為此抱怨個不停，<hex:02100103>不過……他只是在用發牢騷來掩飾他的擔心。
280,TEXT_VOICEMAN_06004_002660_HYTHLODAEUS,所以，每次那個朋友來求助，<hex:02100103>他都會趕過去。
281,TEXT_VOICEMAN_06004_002670_HYTHLODAEUS,結果到最後，人們都覺得愛梅特賽爾克也是主動來幫忙的。
282,TEXT_VOICEMAN_06004_002680_HYTHLODAEUS,和他們相處起來真的是非常愉快！
283,TEXT_VOICEMAN_06004_002690_HYTHLODAEUS,努力實現他們的願望，<hex:02100103>就是我能為這顆美麗的星球做出的最大貢獻。
284,TEXT_VOICEMAN_06004_002700_HYTHLODAEUS,當他們完成自己的使命，<hex:02100103>我的使命自然也就完成了。
285,TEXT_VOICEMAN_06004_002710_HYTHLODAEUS,到那時，我會和他們一起回歸星球。
286,TEXT_VOICEMAN_06004_002720_HYTHLODAEUS,哎呀，不小心說得太多了。<hex:02100103>因為你總會給我一種十分親切的感覺……
287,TEXT_VOICEMAN_06004_002730_HYTHLODAEUS,果然……還是因為你的顏色吧。<hex:02100103>兩個不同的個體卻有著高度相似的靈魂顏色……<hex:02100103>這世上真的有這種事嗎？
288,TEXT_VOICEMAN_06004_002740_METEION,太好了、漩渦女妖、真棒！
289,TEXT_VOICEMAN_06004_002750_HYTHLODAEUS,嗯，看來它已經學會怎麼飛了。
290,TEXT_VOICEMAN_06004_002760_HYTHLODAEUS,過去和愛梅特賽爾克招招手吧，<hex:02100103>這樣他就知道可以結束練習了。
291,TEXT_VOICEMAN_06004_002770_METEION,赫密士！
292,TEXT_VOICEMAN_06004_002780_HERMES,你們一直在等我嗎？
293,TEXT_VOICEMAN_06004_002790_METEION,你們、談完了？
294,TEXT_VOICEMAN_06004_002800_HERMES,是啊……已經得出結論了。
295,TEXT_VOICEMAN_06004_002810_HERMES,謝謝你陪著梅蒂恩。
296,TEXT_VOICEMAN_06004_002820_HERMES,愛梅特賽爾克和希斯拉德已經去客房休息了。
297,TEXT_VOICEMAN_06004_002830_HERMES,我也為你準備了房間，現在帶你過去吧。
298,TEXT_VOICEMAN_06004_002840_METEION,等一下！我們先、一樣東西、帶你去看！
299,TEXT_VOICEMAN_06004_002850_HERMES,厄爾庇斯花？
300,TEXT_VOICEMAN_06004_002860_METEION,開始吧！
301,TEXT_VOICEMAN_06004_002870_HERMES,呃……
302,TEXT_VOICEMAN_06004_002880_METEION,不光是赫密士、會難過、會寂寞……<hex:02100103>你不、孤單……
303,TEXT_VOICEMAN_06004_002890_HERMES,看來梅蒂恩跟你說了很多啊……
304,TEXT_VOICEMAN_06004_002900_HERMES,如果你不介意的話，能聽我說幾句嗎？
305,TEXT_VOICEMAN_06004_002910_HERMES,我……並不認為人們現在這種……<hex:02100103>完全為了星球的生存方式是錯誤的……
306,TEXT_VOICEMAN_06004_002920_HERMES,但是在這裡工作時，我總會陷入懷疑。
307,TEXT_VOICEMAN_06004_002930_HERMES,你還記得剛才你在場的時候希斯拉德說的那些話嗎？
308,TEXT_VOICEMAN_06004_002940_HERMES,他說死亡是一種榮幸，<hex:02100103>是做完了應該做的事之後做出的選擇，<hex:02100103>而且最後的瞬間是最美麗的……
309,TEXT_VOICEMAN_06004_002950_HERMES,但是，恐怕只有人類才是這樣。
310,TEXT_VOICEMAN_06004_002960_HERMES,新的創造生物都會得到各種評估，<hex:02100103>一旦被判定為對星球無用，就會直接被消滅……
311,TEXT_VOICEMAN_06004_002970_HERMES,即便它們才剛剛誕生，還沒有為星球做出任何貢獻。
312,TEXT_VOICEMAN_06004_002980_HERMES,儘管在進行處理時不會讓它們感受到痛苦，<hex:02100103>但它們察覺到自己死期將至時，會悲傷憤怒，會恐懼畏縮……<hex:02100103>在最後的時刻，它們一點也不美麗……
313,TEXT_VOICEMAN_06004_002990_HERMES,可是……根本就沒有人會在意這些。
314,TEXT_VOICEMAN_06004_003000_HERMES,人們堅信這都是為了讓星球變得更加美好，<hex:02100103>以致於從未對此產生過任何疑慮。
315,TEXT_VOICEMAN_06004_003010_HERMES,明明那些即將被消滅的生物眼中滿是痛苦和絕望，<hex:02100103>它們也在對這不合理的做法感到憤怒……
316,TEXT_VOICEMAN_06004_003020_HERMES,但人類對此一無所知，依舊每天洋溢著幸福的笑臉。<hex:02100103>無論何時，厄爾庇斯花都散發著明亮的純白色光芒。
317,TEXT_VOICEMAN_06004_003030_HERMES,這種極度不協調的感覺……<hex:02100103>讓黑暗開始在我的心裡生根發芽，日益膨大。
318,TEXT_VOICEMAN_06004_003040_HERMES,我想大聲質問「這難道不奇怪嗎」，<hex:02100103>又害怕這麼想的自己才是最奇怪的……
319,TEXT_VOICEMAN_06004_003050_HERMES,但現在我知道了，我不是唯一會感到悲哀，<hex:02100103>會讓厄爾庇斯花變成這種顏色的人。
320,TEXT_VOICEMAN_06004_003060_HERMES,我不會問你在花旁邊都想了些什麼。<hex:02100103>或許你只是因為答應了梅蒂恩的請求，才不得不這麼做的。
321,TEXT_VOICEMAN_06004_003070_HERMES,但即便如此，我也要謝謝你……
322,TEXT_VOICEMAN_06004_003080_HERMES,謝謝你願意告訴我，<hex:02100103>這個世上確實存在著悲傷、憤怒，還有痛苦。
323,TEXT_VOICEMAN_06004_Q5_000_001_NONE_VOICE,要說什麼？
324,TEXT_VOICEMAN_06004_A5_000_001_NONE_VOICE,不客氣
325,TEXT_VOICEMAN_06004_A5_000_002_NONE_VOICE,別再這麼消沉了！
326,TEXT_VOICEMAN_06004_A5_000_003_NONE_VOICE,我那些悲傷的回憶三天三夜都講不完……
327,TEXT_VOICEMAN_06004_003090_HERMES,你真是個奇怪的人，<hex:02100103>我還以為說那些話會讓你覺得反感呢……
328,TEXT_VOICEMAN_06004_003100_HERMES,你說得對……<hex:02100103>我也要變得像你一樣堅強才行。
329,TEXT_VOICEMAN_06004_003110_HERMES,啊，對、對不起……<hex:02100103>我不是故意要讓你想起那些的……
330,TEXT_VOICEMAN_06004_003120_HERMES,不過，在經歷了那麼多困難之後，你依舊站在這裡，<hex:02100103>這讓我覺得十分感動。
331,TEXT_VOICEMAN_06004_003130_HERMES,你知道天上那些星星都是什麼嗎？
332,TEXT_VOICEMAN_06004_003140_HERMES,從這裡看，它們只是一個個小亮點而已……<hex:02100103>但實際上，每顆星星都和亞伊太利斯一樣，有著廣闊的土地。
333,TEXT_VOICEMAN_06004_003150_HERMES,無數的星球孕育了無數的生命。<hex:02100103>我相信，一定也有與我們價值觀不同的生命存在。
334,TEXT_VOICEMAN_06004_003160_HERMES,我很想問問他們，他們是為什麼而活，<hex:02100103>他們生命的意義究竟是什麼。
335,TEXT_VOICEMAN_06004_003170_HERMES,所以我創造了能利用潛能量飛翔的鳥，<hex:02100103>也就是梅蒂恩。
336,TEXT_VOICEMAN_06004_003180_HERMES,其實，梅蒂恩不止一個。
337,TEXT_VOICEMAN_06004_003190_HERMES,她的無數姐妹都已經飛往宇宙，<hex:02100103>為了尋找有自我意識的生命而穿行於各個星球之間。
338,TEXT_VOICEMAN_06004_003200_HERMES,不過在探索宇宙的過程中，<hex:02100103>時常會發生預料之外的情況，<hex:02100103>所以目前還沒有得到什麼成果……
339,TEXT_VOICEMAN_06004_003210_HERMES,但是我相信，我們很快就會有所發現了。
340,TEXT_VOICEMAN_06004_003220_HERMES,如果收到報告時你還在這裡的話，<hex:02100103>我一定會與你分享，以答謝你今晚的傾聽。
341,TEXT_VOICEMAN_06004_003230_HERMES,好了，在夜深之前回去吧。<hex:02100103>要是明天兩人都一副沒睡醒的樣子，<hex:02100103>可不好跟愛梅特賽爾克他們解釋。
342,TEXT_VOICEMAN_06004_003240_HERMES,梅蒂恩，差不多該回去了！
343,TEXT_VOICEMAN_06004_003250_METEION,好！
344,TEXT_VOICEMAN_06004_003260_HERMES,趁現在！
345,TEXT_VOICEMAN_06004_003270_HERMES,啊……
346,TEXT_VOICEMAN_06004_003280_HERMES,對不起……真的……對不起！
347,TEXT_VOICEMAN_06004_003290_HERMES,呂卡翁……希望你們的靈魂能夠安息……
348,TEXT_VOICEMAN_06004_003300_HERMES,願你們前往幽深的冥界，在靈魂之海中享受安寧……
349,TEXT_VOICEMAN_06004_003310_HERMES,你們的理念絕不會消失……<hex:02100103>總有一天你們會再次誕生於這個世界……
350,TEXT_VOICEMAN_06004_003320_HERMES,就算沒有讓這顆星球變得更好也沒關係……<hex:02100103>你們一定要……為了自己……再活一次……
351,TEXT_VOICEMAN_06004_003330_HERMES,我們不值得原諒，<hex:02100103>請把你的怨恨留下，安詳地離開吧……
352,TEXT_VOICEMAN_06004_003340_HERMES,下一次你一定可以隨心所欲地在大地奔馳，在天空翱翔。
353,TEXT_VOICEMAN_06004_003350_EMETSELCH,赫密士，加入十四人委員會吧。
354,TEXT_VOICEMAN_06004_003360_EMETSELCH,這個地方……不適合你。
355,TEXT_VOICEMAN_06004_003370_HERMES,只要還在有人進行篩選，那不管我去哪結果都是一樣的！
356,TEXT_VOICEMAN_06004_003380_HERMES,你告訴我！<hex:02100103>為了讓星球變得更好而消滅這些生命，真的是正確的嗎？！
357,TEXT_VOICEMAN_06004_003390_HERMES,如果完成目標就要去死的話……<hex:02100103>那等這顆星球真的完美之後該怎麼辦？<hex:02100103>我們所有人都要去死嗎？！
358,TEXT_VOICEMAN_06004_003400_HERMES,我不明白……
359,TEXT_VOICEMAN_06004_003410_HERMES,繼承法丹尼爾的席位，<hex:02100103>就意味著認同現任回歸星球的決定。
360,TEXT_VOICEMAN_06004_003420_HERMES,我不明白……這真的正確嗎……
361,TEXT_VOICEMAN_06004_003430_HERMES,為這些事而感到苦惱的我……<hex:02100103>怎麼能夠……成為人們的代表呢……
362,TEXT_VOICEMAN_06004_003440_METEION,赫密士！
363,TEXT_VOICEMAN_06004_003450_METEION,不要生氣……你生氣……<hex:02100103>我就很、很痛苦……
364,TEXT_VOICEMAN_06004_003460_HERMES,對不起……
365,TEXT_VOICEMAN_06004_003470_HERMES,如果你認為我還有資格的話，<hex:02100103>我希望能有一些時間來整理思緒。
366,TEXT_VOICEMAN_06004_003480_HERMES,希斯拉德，<hex:02100103>抱歉，這段時間就麻煩你當他們的導覽了……
367,TEXT_VOICEMAN_06004_003490_HYTHLODAEUS,沒問題。<hex:02100103>你不用擔心，慢慢考慮就好。
368,TEXT_VOICEMAN_06004_003500_HERMES,至於你……<hex:02100103>我希望你能達成來這裡的目的。
369,TEXT_VOICEMAN_06004_003510_HYTHLODAEUS,我們幾個先回十二奇園吧。<hex:02100103>到時候再好好商量一下之後該怎麼辦。
370,TEXT_VOICEMAN_06004_003520_EMETSELCH,好……
371,TEXT_VOICEMAN_06004_003530_HYTHLODAEUS,我們到了，這裡就是第二個區域——西風仄費羅斯的喝彩。
372,TEXT_VOICEMAN_06004_003540_HYTHLODAEUS,這裡有很多保管和實驗的設施，<hex:02100103>還有用於觀測的創作者之家。
373,TEXT_VOICEMAN_06004_003550_HYTHLODAEUS,我們就在那一帶逛逛，看看他的工作方式……哦？
374,TEXT_VOICEMAN_06004_003560_HYTHLODAEUS,這不是奧瑞亞斯嘛，真可愛啊。
375,TEXT_VOICEMAN_06004_003570_EMETSELCH,喂，又來了個什麼……
376,TEXT_VOICEMAN_06004_003580_HYTHLODAEUS,哦，那是一種新的鯊魚。<hex:02100103>我們前幾天才剛剛登記過這個理念。
377,TEXT_VOICEMAN_06004_003590_HYTHLODAEUS,鯊魚是一種非常受歡迎的海洋生物，<hex:02100103>嘗試創造亞種的人可是絡繹不絕……
378,TEXT_VOICEMAN_06004_003600_HYTHLODAEUS,剛開始大家的思考方向還比較保守，<hex:02100103>只是調整大小或者對不同海域的適應性。<hex:02100103>但是後來他們越來越不滿足，<hex:02100103>又創造出了會飛的和有智慧的品種。<hex:02100103>再後來甚至出現了多頭的和這種長著手腳的品種！<hex:02100103>其實要我說，這麼多亞種根本毫無意義，<hex:02100103>有這時間還不如去做點其他的，<hex:02100103>但最後還是被他們的堅持所打動，所以承認了……
379,TEXT_VOICEMAN_06004_003610_EMETSELCH,嘖！
380,TEXT_VOICEMAN_06004_003620_VENAS,哈！
381,TEXT_VOICEMAN_06004_003630_VENAS,(-面熟的女性-)好險啊……<hex:02100103>你們沒受傷吧？
382,TEXT_VOICEMAN_06004_003640_VENAS,(-面熟的女性-)哎呀，是你們啊！
383,TEXT_VOICEMAN_06004_003650_HYTHLODAEUS,維涅斯大人！<hex:02100103>沒想到會在這裡遇到您！
384,TEXT_VOICEMAN_06004_003660_EMETSELCH,我之前說過，大多數十四人委員會的成員<hex:02100103>都會在卸任的同時選擇回歸星球。<hex:02100103>只有極少數人有其他想法。
385,TEXT_VOICEMAN_06004_003670_EMETSELCH,她就屬於那個「極少數人」。<hex:02100103>在卸任之後，她選擇了繼續為這顆星球四處奔走。
386,TEXT_VOICEMAN_06004_003680_EMETSELCH,她叫維涅斯……是上一任阿謝姆。
387,TEXT_VOICEMAN_06004_003690_VENAS,好久不見了，希斯拉德，<hex:02100103>你看起來氣色不錯。
388,TEXT_VOICEMAN_06004_003700_VENAS,還有現任愛梅特賽爾克，<hex:02100103>你眉心的皺紋是不是又變多了啊？
389,TEXT_VOICEMAN_06004_003710_VENAS,年紀輕輕的，不要總是皺著眉頭。
390,TEXT_VOICEMAN_06004_003720_EMETSELCH,這都是拜您那位極其不可靠的繼承者所賜。
391,TEXT_VOICEMAN_06004_003730_VENAS,呵呵，<hex:02080DE905FF04>她<hex:FF04>他<hex:03>怎麼樣？還好吧？
392,TEXT_VOICEMAN_06004_003740_HYTHLODAEUS,還是老樣子，有趣得很。<hex:02100103><hex:02080DE905FF04>她<hex:FF04>他<hex:03>前一陣子甚至還衝到了快要噴發的火山裡呢！<hex:02100103>您想聽聽是怎麼回事嗎？
393,TEXT_VOICEMAN_06004_003750_VENAS,當然，一定要給我講講！
394,TEXT_VOICEMAN_06004_003760_VENAS,你是……？
395,TEXT_VOICEMAN_06004_003770_VENAS,你是不是……從之後的時間……<hex:02100103>從「未來」來到這裡的？
396,TEXT_VOICEMAN_06004_003775_VENAS,我能從你身上感知到我施加過的魔法。<hex:02100103>但是，我並不記得曾經做過這種事……
397,TEXT_VOICEMAN_06004_003776_VENAS,所以我推測……這應該是未來的我做的。
398,TEXT_VOICEMAN_06004_003780_HYTHLODAEUS,我可以問一下您施加了怎樣的魔法嗎？
399,TEXT_VOICEMAN_06004_003790_VENAS,是用來保護旅行者的魔法。<hex:02100103>它可以使旅行者的乙太在任何情況下性質都不會發生變化。
400,TEXT_VOICEMAN_06004_Q5_000_002_NONE_VOICE,要說什麼？
401,TEXT_VOICEMAN_06004_A5_000_004_NONE_VOICE,難道說是光之加護？
402,TEXT_VOICEMAN_06004_A5_000_005_NONE_VOICE,所以我才不會被蠻神精煉嗎？
403,TEXT_VOICEMAN_06004_003800_VENAS,看來你已經有頭緒了。<hex:02100103>雖然世上有各種各樣的保護魔法，<hex:02100103>但施加在你身上的絕對是我的術式，不會錯的。
404,TEXT_VOICEMAN_06004_003805_VENAS,雖然不太清楚你說的蠻神是什麼，<hex:02100103>但這個魔法確實可以抵抗住破壞乙太平衡和精神控制類的攻擊。
405,TEXT_VOICEMAN_06004_003806_VENAS,看來你已經有頭緒了。
406,TEXT_VOICEMAN_06004_003810_EMETSELCH,但是，來自未來什麼的……<hex:02100103>這不可能吧！
407,TEXT_VOICEMAN_06004_003820_VENAS,關於未來，還有你自己的事，你能夠說出來嗎？
408,TEXT_VOICEMAN_06004_003830_ELIDIBUS,因為你終將回到這裡<hex:02100103>而這個世界的歷史上 末日確實降臨了
409,TEXT_VOICEMAN_06004_003840_ELIDIBUS,無論你在過去做了什麼<hex:02100103>都無法消除這邊曾經發生的悲劇
410,TEXT_VOICEMAN_06004_003850_VENAS,這樣啊……雖然你的言行舉止無法改變你的未來，<hex:02100103>但卻有可能讓我們走上不同的歷史道路嗎……
411,TEXT_VOICEMAN_06004_003860_VENAS,那不是很好嗎！<hex:02100103>我很喜歡探索沒有人驗證過的未知事物，<hex:02100103>而最具代表性的正是「未來」。
412,TEXT_VOICEMAN_06004_003870_VENAS,況且，無論我們得知了怎樣的事實，<hex:02100103>也只有在那一刻到來之時才能真正理解。<hex:02100103>所以你不需要擔心我們。
413,TEXT_VOICEMAN_06004_003880_VENAS,更重要的是，你特地穿越時空來到這裡，<hex:02100103>肯定是因為有什麼重要的理由吧？
414,TEXT_VOICEMAN_06004_003890_VENAS,你願意告訴我們嗎？<hex:02100103>說不定我們能幫上你的忙。
415,TEXT_VOICEMAN_06004_003900_EMETSELCH,哈……
416,TEXT_VOICEMAN_06004_003910_EMETSELCH,如果這是真的，那你真是守著一個不得了的秘密。
417,TEXT_VOICEMAN_06004_003920_EMETSELCH,我身為十四人委員會的一員，<hex:02100103>有必要問清楚你究竟是什麼人，為什麼要來到這裡……<hex:02100103>這次你可別想糊弄過去。
418,TEXT_VOICEMAN_06004_003930_VENAS,總之，我們先去個方便說話的地方吧。
419,TEXT_VOICEMAN_06004_003940_VENAS,我在厄爾庇斯已經好幾天了，<hex:02100103>有位在這裡工作的老朋友托我幫些忙。
420,TEXT_VOICEMAN_06004_003950_VENAS,就去前面的創作者之家吧，<hex:02100103>我這幾天一直都住在那裡，談話不會被打擾。
421,TEXT_VOICEMAN_06004_003960_VENAS,別擔心，我相信這次相遇絕對不是個錯誤。
422,TEXT_VOICEMAN_06004_003970_VENAS,否則未來的我不會做出如此明顯的標記，<hex:02100103>並讓你接近現在的我。
423,TEXT_VOICEMAN_06004_003980_VENAS,我敢肯定，這一切都是我的安排。
424,TEXT_VOICEMAN_06004_003990_HYTHLODAEUS,這茶好香啊……感覺整個人都放鬆了。
425,TEXT_VOICEMAN_06004_004000_VENAS,要是有些點心就更好了……<hex:02100103>只可惜我常年旅行在外，一直都是輕裝，沒什麼準備。
426,TEXT_VOICEMAN_06004_004010_VENAS,茶喝完了可以再添，<hex:02100103>而且水一直都是熱的，所以你不用著急。
427,TEXT_VOICEMAN_06004_004020_VENAS,跟我們說說你的事，還有你來這裡的理由吧。
428,TEXT_VOICEMAN_06004_Q6_000_001_NONE_VOICE,我來自一個……
429,TEXT_VOICEMAN_06004_A6_000_001_NONE_VOICE,遭受了末日之劫的未來
430,TEXT_VOICEMAN_06004_A6_000_002_NONE_VOICE,整個世界被某個神明分裂了的未來
431,TEXT_VOICEMAN_06004_A6_000_003_NONE_VOICE,有可能不得不拋棄星球的未來
432,TEXT_VOICEMAN_06004_004030_EMETSELCH,你從頭說。
433,TEXT_VOICEMAN_06004_004040_EMETSELCH,真是太荒唐了，這叫人怎麼相信。
434,TEXT_VOICEMAN_06004_004050_HYTHLODAEUS,是啊……<hex:02100103>說實話，大部分內容我連想都想像不出來。
435,TEXT_VOICEMAN_06004_004060_HYTHLODAEUS,維涅斯大人怎麼看？
436,TEXT_VOICEMAN_06004_004070_VENAS,由於第一次末日的發生時間和原因尚不明確，<hex:02100103>因此現階段還無法判斷這些話是真是假。
437,TEXT_VOICEMAN_06004_004080_VENAS,但如果這一切都是真的，<hex:02100103>那我就必須思考一下自己為什麼會那樣做。
438,TEXT_VOICEMAN_06004_004090_VENAS,至少現在的我無法理解，<hex:02100103>自己為什麼會反對人們和十四人委員會做出的選擇，<hex:02100103>進而創造出海德林。
439,TEXT_VOICEMAN_06004_004100_VENAS,當然了，不到最後一刻，很多事情都無法想通……<hex:02100103>但這絕不是一個能輕易做出的決定。
440,TEXT_VOICEMAN_06004_004110_VENAS,我覺得……<hex:02100103>肯定還有讓我非那麼做不可的原因。
441,TEXT_VOICEMAN_06004_004120_VENAS,還有就是，<hex:02100103>為什麼我會把厄爾庇斯花當作指引呢。
442,TEXT_VOICEMAN_06004_004130_VENAS,我覺得那種花確實很特殊，你跟隨指引的過程也十分有意義，<hex:02100103>但既然它把你引導到了這裡，<hex:02100103>那就說明在厄爾庇斯這個地方，有什麼不尋常之處。
443,TEXT_VOICEMAN_06004_004140_VENAS,究竟是什麼呢……<hex:02100103>我該為你做些什麼呢……
444,TEXT_VOICEMAN_06004_004150_HYTHLODAEUS,有沒有可能是這樣的？
445,TEXT_VOICEMAN_06004_004160_HYTHLODAEUS,對於他們來說，末日已經不可避免，<hex:02100103>唯有逃離星球這一種選擇……
446,TEXT_VOICEMAN_06004_004170_HYTHLODAEUS,對於他們來說，末日已經不可避免，<hex:02100103>唯有逃離星球這一種選擇……
447,TEXT_VOICEMAN_06004_004180_HYTHLODAEUS,所以未來的您希望能告訴我們那時的情況，<hex:02100103>以便我們創造出其他的可能性。
448,TEXT_VOICEMAN_06004_004190_VENAS,你說的有道理。
449,TEXT_VOICEMAN_06004_004200_VENAS,可如果這是主要目的的話，<hex:02100103>那沒有理由特地把<hex:02080DE905FF04>她<hex:FF04>他<hex:03>引導至厄爾庇斯吧……
450,TEXT_VOICEMAN_06004_004210_VENAS,到我的家裡或是十四人委員會所在的亞馬烏羅提，<hex:02100103>都是比到這裡更好的選擇吧。
451,TEXT_VOICEMAN_06004_004220_HYTHLODAEUS,確實……<hex:02100103>而且那個海德林也沒有讓他必須回到某個時間點。
452,TEXT_VOICEMAN_06004_004230_HYTHLODAEUS,確實……<hex:02100103>而且那個海德林也沒有讓她必須回到某個時間點。
453,TEXT_VOICEMAN_06004_004240_HYTHLODAEUS,由此可以推斷，我們能否相遇並不重要。
454,TEXT_VOICEMAN_06004_004250_VENAS,也可能是我出於某種原因，<hex:02100103>相信這看似偶然的相遇必然會實現……
455,TEXT_VOICEMAN_06004_004260_HYTHLODAEUS,唔……簡直就像是在玩少了好幾塊關鍵點的拼圖一樣……
456,TEXT_VOICEMAN_06004_004270_VENAS,另外還有一個問題就是……
457,TEXT_VOICEMAN_06004_004280_VENAS,如果末日真的如你所說，<hex:02100103>那它必然會把我最重要的東西都毀滅殆盡。
458,TEXT_VOICEMAN_06004_004290_VENAS,然而我花費了多年的時間，<hex:02100103>卻只準備出了逃跑這一種方法嗎？
459,TEXT_VOICEMAN_06004_004300_VENAS,按理說，我肯定會優先考慮如何完全避免末日降臨才對。
460,TEXT_VOICEMAN_06004_004310_HYTHLODAEUS,是不是因為連十四人委員會都找不到方法，<hex:02100103>所以您也覺得不可能做到呢？
461,TEXT_VOICEMAN_06004_004320_VENAS,沒有什麼是不可能的。
462,TEXT_VOICEMAN_06004_004330_VENAS,如果海德林就是我，<hex:02100103>那她一定也會對此堅信不疑。
463,TEXT_VOICEMAN_06004_004340_EMETSELCH,你們不會真的把自己代入了這種亂編的故事之中吧？
464,TEXT_VOICEMAN_06004_004350_EMETSELCH,反正我是不會接受的……<hex:02100103>這麼美好的時代，怎麼可能莫名其妙就結束了？
465,TEXT_VOICEMAN_06004_004360_EMETSELCH,而且這傢伙口中的我，<hex:02100103>和現在的我完全判若兩人。
466,TEXT_VOICEMAN_06004_004370_EMETSELCH,人們為了拯救星球而將生命獻給了佐狄亞克，<hex:02100103>對於他們來說，這分明應該是一件無上光榮的事。
467,TEXT_VOICEMAN_06004_004380_EMETSELCH,可那個我卻重現了曾經的城市和人們？<hex:02100103>這種做法豈不是在玷污他們嗎？
468,TEXT_VOICEMAN_06004_004390_EMETSELCH,更讓我無法理解的是，我甚至還邀請了你去那裡。<hex:02100103>這不就相當於破壞自己的計畫嗎？太愚蠢了！
469,TEXT_VOICEMAN_06004_004400_EMETSELCH,設想一下，要我背負著復活這個時代的巨大使命，<hex:02100103>那真是會打心眼裡覺得麻煩得要死……
470,TEXT_VOICEMAN_06004_004410_EMETSELCH,但是……你竟然說我會拋棄我的使命和同胞？
471,TEXT_VOICEMAN_06004_004420_EMETSELCH,這是對我的侮辱！
472,TEXT_VOICEMAN_06004_004430_EMETSELCH,我受夠這些胡言亂語了。<hex:02100103>我要回去工作了，別再來煩我。
473,TEXT_VOICEMAN_06004_004440_HYTHLODAEUS,愛梅特賽爾克！<hex:02100103>你等等啊！
474,TEXT_VOICEMAN_06004_004450_VENAS,我還想再問你一件事，<hex:02100103>你已經在厄爾庇斯看到過不少事物了，<hex:02100103>有沒有什麼讓你在意的呢？
475,TEXT_VOICEMAN_06004_Q7_000_001_NONE_VOICE,如何作答？
476,TEXT_VOICEMAN_06004_A7_000_001_NONE_VOICE,我覺得末日可能與潛能量有關
477,TEXT_VOICEMAN_06004_A7_000_002_NONE_VOICE,我覺得赫密士和梅蒂恩是關鍵
478,TEXT_VOICEMAN_06004_A7_000_003_NONE_VOICE,我還在努力尋找……
479,TEXT_VOICEMAN_06004_004460_VENAS,潛能量……是一種與乙太不同的力量對吧。<hex:02100103>嗯，雖然對它不甚了解，但我能理解你的想法。
480,TEXT_VOICEMAN_06004_004470_VENAS,而你說過，這裡的局長赫密士<hex:02100103>在創造梅蒂恩的過程中研究過潛能量……<hex:02100103>我覺得這一點很值得調查。
481,TEXT_VOICEMAN_06004_004480_VENAS,原來如此……<hex:02100103>圓滿實體梅蒂恩和創造者赫密士嗎……
482,TEXT_VOICEMAN_06004_004490_VENAS,如果潛能量就是那種名為阿迦奢的力量，<hex:02100103>並且與末日有關的話，那他們確實很關鍵。<hex:02100103>我覺得這一點很值得調查。
483,TEXT_VOICEMAN_06004_004500_VENAS,那我們就先從會成為法丹尼爾的人……<hex:02100103>從赫密士開始調查吧。
484,TEXT_VOICEMAN_06004_004510_VENAS,還有，如果潛能量與阿迦奢是同一種力量，<hex:02100103>並且與末日有關的話，那梅蒂恩也值得調查一番。
485,TEXT_VOICEMAN_06004_004520_VENAS,接下來就只剩下行動了。
486,TEXT_VOICEMAN_06004_004530_VENAS,欠缺的拼圖肯定就在這裡。<hex:02100103>只有找到它們，你才能看清未來的我做出的完整構想，<hex:02100103>並得到想要的答案。
487,TEXT_VOICEMAN_06004_004540_VENAS,請讓我幫你一起尋找吧。
488,TEXT_VOICEMAN_06004_004550_VENAS,別擔心，我聽阿謝姆說過他的事，<hex:02100103>如果阿謝姆說的都沒有錯的話，<hex:02100103>那他絕對不會對這件事撒手不管的。
489,TEXT_VOICEMAN_06004_004560_VENAS,好舒服的風……<hex:02100103>好美的景色……
490,TEXT_VOICEMAN_06004_004570_VENAS,你所在的未來世界，也這麼美嗎？
491,TEXT_VOICEMAN_06004_Q8_000_001_NONE_VOICE,如何作答？
492,TEXT_VOICEMAN_06004_A8_000_001_NONE_VOICE,當然！
493,TEXT_VOICEMAN_06004_A8_000_002_NONE_VOICE,得看是什麼地方了
494,TEXT_VOICEMAN_06004_A8_000_003_NONE_VOICE,還是這裡更美一些
495,TEXT_VOICEMAN_06004_004580_VENAS,呵呵，我彷彿已經透過你看到了一個美好的世界。<hex:02100103>想必在那裡的每一天都十分快樂吧。
496,TEXT_VOICEMAN_06004_004590_VENAS,這是什麼意思？<hex:02100103>難道說還有很詭異或者恐怖的地方嗎？<hex:02100103>那我倒真想去看看呢……
497,TEXT_VOICEMAN_06004_004600_VENAS,即使在我們這個時代，厄爾庇斯的美景也是數一數二的，<hex:02100103>所以大概很難找到比這裡更美的地方了吧。
498,TEXT_VOICEMAN_06004_004610_VENAS,如果可以的話，能給我講講你的冒險經歷嗎？
499,TEXT_VOICEMAN_06004_004620_VENAS,雖然你告訴了我們來到這裡的原委，<hex:02100103>但這次我想聽聽你在旅途中的見聞。
500,TEXT_VOICEMAN_06004_004630_VENAS,為了搞清楚海德林的目的，<hex:02100103>我想要更加了解未來世界。
501,TEXT_VOICEMAN_06004_004640_VENAS,當然了，我個人對此也十分感興趣。<hex:02100103>想要聽其他人描述自己未曾到達過的地方，<hex:02100103>不正是我們旅行者的天性嗎？
502,TEXT_VOICEMAN_06004_004650_VENAS,太奇妙了！<hex:02100103>啊，我也好想去看看啊！
503,TEXT_VOICEMAN_06004_004660_VENAS,哈……
504,TEXT_VOICEMAN_06004_004670_VENAS,多麼嚴酷苛刻的世界……<hex:02100103>可是那裡的人們卻依舊在努力活著。
505,TEXT_VOICEMAN_06004_004680_VENAS,真是值得敬佩啊……<hex:02100103>無論經過多少歲月，無論身處何方，<hex:02100103>人類都有著無限的可能性……
506,TEXT_VOICEMAN_06004_004690_VENAS,謝謝你，給我講述了一個這麼美好的歷程。
507,TEXT_VOICEMAN_06004_004700_VENAS,我原本是一個研究世界構成的學者。
508,TEXT_VOICEMAN_06004_004710_VENAS,乙太是什麼？<hex:02100103>物質為什麼會以這種形式存在？<hex:02100103>人類又是從何而來的？
509,TEXT_VOICEMAN_06004_004720_VENAS,這個世界充滿了謎題。<hex:02100103>而我經過多年的尋找，總算是找到了一些答案。
510,TEXT_VOICEMAN_06004_004730_VENAS,但是，越是深入研究，我就越感到驚訝和敬畏。<hex:02100103>因為人類的存在簡直就是世界所創造的奇蹟。
511,TEXT_VOICEMAN_06004_004740_VENAS,在廣闊的天地之間，一股溫暖的氣息經過極為漫長的流轉，<hex:02100103>最終形成了你我這樣的生命。
512,TEXT_VOICEMAN_06004_004750_VENAS,每當想到這個概率有多麼低時，<hex:02100103>我就會覺得這世上沒有什麼是不可能的。
513,TEXT_VOICEMAN_06004_004760_VENAS,在當初發現這一點的時候我也突然意識到，<hex:02100103>有很多我一直以來認為理所當然的情況，<hex:02100103>都不再那麼簡單了。
514,TEXT_VOICEMAN_06004_004770_VENAS,這就讓我感覺到人類獲得了一種無形的關愛，<hex:02100103>應該怎麼說呢……命運之類的？
515,TEXT_VOICEMAN_06004_004780_VENAS,同時我還意識到，<hex:02100103>這個建立在無數偶然之上的奇蹟是多麼脆弱。
516,TEXT_VOICEMAN_06004_004790_VENAS,於是，我產生了想更加深入地了解這個世界的衝動。<hex:02100103>我想去見證、傾聽、感受這個耀眼的世界。
517,TEXT_VOICEMAN_06004_004800_VENAS,自那之後，我便踏上了漫長的旅程。
518,TEXT_VOICEMAN_06004_004810_VENAS,摒棄了對世界的私見之後，<hex:02100103>一切對我來說都是那麼新鮮、美麗。
519,TEXT_VOICEMAN_06004_004820_VENAS,大地一望無際，天空讓人沉溺其中。<hex:02100103>大自然的呼吸是那麼沉穩有力……
520,TEXT_VOICEMAN_06004_004830_VENAS,在這個美麗的星球上，人類點亮了文明的燈火，<hex:02100103>他們的歡聲笑語讓我感受到了前所未有的溫暖。
521,TEXT_VOICEMAN_06004_004840_VENAS,我太愛他們了。<hex:02100103>他們已經成為了我生存的意義。
522,TEXT_VOICEMAN_06004_004850_VENAS,所以……為了他們，我還不能回歸星球。
523,TEXT_VOICEMAN_06004_004860_VENAS,說不定未來的我……<hex:02100103>海德林她也還在尋找和等待吧。
524,TEXT_VOICEMAN_06004_004870_VENAS,尋找不再繼續活下去的理由。
525,TEXT_VOICEMAN_06004_004880_VENAS,等待人類找到屬於自己道路的那一天。
526,TEXT_VOICEMAN_06004_004890_VENAS,作為還無法安心放手的人，<hex:02100103>我希望來自未來的你能夠如實回答這個問題……
527,TEXT_VOICEMAN_06004_004900_VENAS,你的旅途是一個令人滿意的旅途嗎？
528,TEXT_VOICEMAN_06004_004910_GALENE,對不起，我來晚了！
529,TEXT_VOICEMAN_06004_004920_GALENE,真是對不起，讓你們久等了。<hex:02100103>沒想到觀察對象偏偏在這時候鬧了起來……
530,TEXT_VOICEMAN_06004_004930_VENAS,沒關係，還是工作重要。<hex:02100103>而且等你的時候我們兩個聊得非常愉快。
531,TEXT_VOICEMAN_06004_004940_GALENE,謝謝諒解。<hex:02100103>我聽說您有問題想問我？
532,TEXT_VOICEMAN_06004_004950_VENAS,是的，我對赫密士創造的梅蒂恩很感興趣。<hex:02100103>而你看到過大量梅蒂恩飛翔時的場景，對吧？
533,TEXT_VOICEMAN_06004_004960_GALENE,哦哦，是的！沒錯！<hex:02100103>我確實看到過！
534,TEXT_VOICEMAN_06004_004970_GALENE,那天我需要進行夜間觀察，<hex:02100103>所以在離開六洋院的時候已經是後半夜了。
535,TEXT_VOICEMAN_06004_004980_GALENE,我當時一邊看著天空一邊走路，<hex:02100103>忽然發現在東南方向閃過了一顆飛向天空的逆行流星！
536,TEXT_VOICEMAN_06004_004990_GALENE,之後，一顆又一顆的流星飛上天空，<hex:02100103>為了能看得更清楚，我便跑到了這座島的邊緣。
537,TEXT_VOICEMAN_06004_005000_GALENE,然後我發現，赫密士與許多梅蒂恩正在前面的一座島上。
538,TEXT_VOICEMAN_06004_005010_GALENE,原來，那些飛往夜空的梅蒂恩就是我看到的逆行流星！
539,TEXT_VOICEMAN_06004_005020_VENAS,單是聽你描述就能感到很壯觀了……<hex:02100103>那你後來跟赫密士聊過這件事嗎？
540,TEXT_VOICEMAN_06004_005030_GALENE,那副光景實在是太美妙了，<hex:02100103>所以第二天一大早我就去問他了，<hex:02100103>她們的設計原理，還有為什麼要讓她們飛走之類的。
541,TEXT_VOICEMAN_06004_005040_GALENE,不過他說那是個人研究，並且正處於測試階段，<hex:02100103>還需要得到更多的結果才能公開……
542,TEXT_VOICEMAN_06004_005050_GALENE,我正等著他能說的那一天呢！
543,TEXT_VOICEMAN_06004_005060_GALENE,赫密士好像有時候會去那座浮島上，<hex:02100103>所以我覺得實驗應該有些進展了吧。
544,TEXT_VOICEMAN_06004_005070_VENAS,我明白了。<hex:02100103>我們也希望那一天能儘早到來。
545,TEXT_VOICEMAN_06004_005080_VENAS,我想問的就只有這些，<hex:02100103>打擾你工作了，真是抱歉。
546,TEXT_VOICEMAN_06004_005090_GALENE,沒事沒事！<hex:02100103>能碰上其他對這件事感興趣的人，<hex:02100103>其實我也很開心。
547,TEXT_VOICEMAN_06004_005100_GALENE,啊，你們要下去嗎？<hex:02100103>我可以幫忙連通大門。
548,TEXT_VOICEMAN_06004_005110_VENAS,那就拜託你了。
549,TEXT_VOICEMAN_06004_005120_VENAS,我可是真的想要分出勝負啊……<hex:02100103>看來是我想得太簡單了。
550,TEXT_VOICEMAN_06004_005130_VENAS,我記得和阿謝姆比試的時候也是這樣。<hex:02100103>明明你們兩個年齡加起來都沒有我大，<hex:02100103>怎麼會這麼頑強！
551,TEXT_VOICEMAN_06004_005140_VENAS,我記得和阿謝姆比試的時候也是這樣。<hex:02100103>明明你們兩個年齡加起來都沒有我大，<hex:02100103>怎麼會這麼頑強！
552,TEXT_VOICEMAN_06004_005150_VENAS,不過，這也足以說明你的冒險比你所描述的要更加艱難曲折。
553,TEXT_VOICEMAN_06004_005160_VENAS,看來我們都在旅途中收穫了很多。
554,TEXT_VOICEMAN_06004_005170_VENAS,哎呀，看來它真的很喜歡你啊。
555,TEXT_VOICEMAN_06004_005180_VENAS,太好了。<hex:02100103>它會一直記住自己喜歡的人，<hex:02100103>而且騎在它背上也沒什麼問題了。
556,TEXT_VOICEMAN_06004_005190_VENAS,好小的島……<hex:02100103>也沒有什麼特殊的器材……
557,TEXT_VOICEMAN_06004_005200_VENAS,沒辦法，只能試試回溯過去了。<hex:02100103>你之前做過嗎？
558,TEXT_VOICEMAN_06004_005210_VENAS,無法自主發動是嗎……<hex:02100103>沒關係，我可以輔助你。
559,TEXT_VOICEMAN_06004_005220_VENAS,來這邊，站到我面前。
560,TEXT_VOICEMAN_06004_005230_VENAS,回溯過去通常有兩種方法。
561,TEXT_VOICEMAN_06004_005240_VENAS,一是在當事人回想起那段記憶的時候，<hex:02100103>穿越心靈的壁壘進行窺視。
562,TEXT_VOICEMAN_06004_005250_VENAS,二是解讀殘留在現場的乙太中的記憶。
563,TEXT_VOICEMAN_06004_005260_VENAS,就像記憶會附著在靈魂上一樣，<hex:02100103>歷史也被寫入了充盈世界的乙太之中。
564,TEXT_VOICEMAN_06004_005270_VENAS,但是，這種記憶很容易消失，<hex:02100103>所以不一定能完整地解讀出來。
565,TEXT_VOICEMAN_06004_005280_VENAS,總之，我們先試試吧。<hex:02100103>把眼睛閉上……
566,TEXT_VOICEMAN_06004_005290_METEION,所有個體均無損傷，<hex:02100103>正順利飛往各自的目標星球。
567,TEXT_VOICEMAN_06004_005300_METEION,預計在108個週期後結束調查並發送報告。
568,TEXT_VOICEMAN_06004_005310_METEION,本次報告結束。<hex:02100103>即將中斷共用意識，恢復個體自我。
569,TEXT_VOICEMAN_06004_005320_METEION,赫密士、聽到了嗎！<hex:02100103>很順利、太好了！
570,TEXT_VOICEMAN_06004_005330_HERMES,呼……
571,TEXT_VOICEMAN_06004_005340_HERMES,是啊，真是太好了。<hex:02100103>經歷了那麼多次失敗，終於看到曙光了。
572,TEXT_VOICEMAN_06004_005350_HERMES,宇宙中永遠充滿了不定數，<hex:02100103>總能讓人深感自己的渺小與無知。
573,TEXT_VOICEMAN_06004_005360_METEION,但是、很多次實驗、我們進行了！<hex:02100103>所以調查、能圓滿完成！
574,TEXT_VOICEMAN_06004_005370_HERMES,是啊……<hex:02100103>這都是你們的功勞，你們表現得都不錯。
575,TEXT_VOICEMAN_06004_005380_METEION,欸嘿嘿……
576,TEXT_VOICEMAN_06004_005390_METEION,她們會帶回、怎樣的答案呢？<hex:02100103>活著的理由、生命的意義、究竟是什麼呢。
577,TEXT_VOICEMAN_06004_005400_HERMES,在這片夜空之中，<hex:02100103>肯定既有比亞伊太利斯發達先進的星球，<hex:02100103>也有非常原始的星球。
578,TEXT_VOICEMAN_06004_005410_HERMES,上面的生命不僅構築了自己的文化，<hex:02100103>甚至很有可能連形態都與我們大相徑庭。
579,TEXT_VOICEMAN_06004_005420_HERMES,所以……<hex:02100103>他們肯定對生命的意義有著不同的理解。
580,TEXT_VOICEMAN_06004_005430_METEION,不同的、是、怎樣的？
581,TEXT_VOICEMAN_06004_005440_HERMES,哈哈……我也想像不出來……
582,TEXT_VOICEMAN_06004_005450_HERMES,但是無論得到怎樣的答案，<hex:02100103>我都不會直接否定，而是會仔細地思考。
583,TEXT_VOICEMAN_06004_005460_HERMES,然後我會把這些情況分享給其他人，<hex:02100103>或許他們會進行辯論吧，不過那樣也不錯。
584,TEXT_VOICEMAN_06004_005470_HERMES,我希望在未來，不光是人類，<hex:02100103>還能有更多的生命明白幸福的感受。
585,TEXT_VOICEMAN_06004_005480_HERMES,梅蒂恩……<hex:02100103>我只教了你飛翔的方法……<hex:02100103>卻沒有告訴你該如何前行，如何生活。
586,TEXT_VOICEMAN_06004_005490_HERMES,但是，在漫漫長路的終點，<hex:02100103>你一定會遇到能教你這些的人。
587,TEXT_VOICEMAN_06004_005500_HERMES,當你學會並再度回到這裡的時候……<hex:02100103>我會給你稱讚和獎勵。
588,TEXT_VOICEMAN_06004_005510_METEION,是蘋果、澆上、糖漿嗎？
589,TEXT_VOICEMAN_06004_005520_HERMES,可你又無法吃……
590,TEXT_VOICEMAN_06004_005530_HERMES,食物以外的東西……我想想……
591,TEXT_VOICEMAN_06004_005540_HERMES,花……
592,TEXT_VOICEMAN_06004_005550_HERMES,嗯，等你結束旅途之後，我送花給你當禮物吧。
593,TEXT_VOICEMAN_06004_005560_VENAS,你有什麼想法？
594,TEXT_VOICEMAN_06004_Q9_000_001_NONE_VOICE,如何作答？
595,TEXT_VOICEMAN_06004_A9_000_001_NONE_VOICE,赫密士不可能希望末日出現
596,TEXT_VOICEMAN_06004_A9_000_002_NONE_VOICE,赫密士很溫柔……但是……
597,TEXT_VOICEMAN_06004_A9_000_003_NONE_VOICE,光靠這些還無法下定論
598,TEXT_VOICEMAN_06004_005570_VENAS,嗯，我也是這麼想的。
599,TEXT_VOICEMAN_06004_005580_VENAS,但我依舊認為赫密士和梅蒂恩是末日出現的關鍵。<hex:02100103>或許他們並不是有意要引發末日的。
600,TEXT_VOICEMAN_06004_005590_VENAS,是啊……<hex:02100103>可他的計畫能否如願又是另一回事了。
601,TEXT_VOICEMAN_06004_005600_VENAS,說不定就是什麼意想不到的事故或失誤，<hex:02100103>導致了末日的出現。
602,TEXT_VOICEMAN_06004_005610_VENAS,確實，這些內容並不能說明什麼。<hex:02100103>可我能感覺到，他們無意引發末日。
603,TEXT_VOICEMAN_06004_005620_VENAS,但說不定正是他們的無心之舉導致了末日的出現。<hex:02100103>所以還不能判斷他們與此毫無關係。
604,TEXT_VOICEMAN_06004_005630_VENAS,因此，我有個提案……
605,TEXT_VOICEMAN_06004_005640_VENAS,把你……還有關於末日的事，<hex:02100103>都告訴赫密士怎麼樣？
606,TEXT_VOICEMAN_06004_005650_VENAS,如果他本人並不希望災難發生的話，<hex:02100103>應該會和我們一起想辦法。
607,TEXT_VOICEMAN_06004_005660_VENAS,那我們得快點找到他才行呢。<hex:02100103>可不能讓那麼溫柔的人背負上悲慘的命運。
608,TEXT_VOICEMAN_06004_005670_VENAS,我們先回去吧。
609,TEXT_VOICEMAN_06004_005680_HERMES,抱歉，讓你們久等了。<hex:02100103>聽說有別的重要的事要找我？
610,TEXT_VOICEMAN_06004_005690_EMETSELCH,是啊，非常重要。<hex:02100103>重要到你都難以相信那是真的。
611,TEXT_VOICEMAN_06004_005700_EMETSELCH,再說一遍吧。<hex:02100103>你是什麼人，為什麼要來這裡……
612,TEXT_VOICEMAN_06004_005710_HERMES,末日……之劫……怎麼會……
613,TEXT_VOICEMAN_06004_005720_VENAS,目前我們認為，有可能是潛能量引發了種種末日現象。
614,TEXT_VOICEMAN_06004_005730_VENAS,所以才會來找對此最為了解的人，<hex:02100103>也就是你，赫密士。
615,TEXT_VOICEMAN_06004_005740_VENAS,當然了，我們相信你絕不會有意引發末日。<hex:02100103>因此我們不是來指責你的，而是希望能得到你的幫助。
616,TEXT_VOICEMAN_06004_005750_VENAS,我知道這些話很難讓人相信，<hex:02100103>但能請你假設這是真的，然後說說你的見解嗎？
617,TEXT_VOICEMAN_06004_005760_HERMES,維涅斯大人……連您都……
618,TEXT_VOICEMAN_06004_005770_HERMES,確實……我和您的觀點一樣，<hex:02100103>兩次末日應該都是由潛能量引發的。
619,TEXT_VOICEMAN_06004_005780_HERMES,值得注意的是，它所造成的影響是不同的。<hex:02100103>第一次末日出現時，它使人們的創造魔法失控，<hex:02100103>而第二次則使得人們的身體發生了變異。
620,TEXT_VOICEMAN_06004_005790_HERMES,出現這種差異，<hex:02100103>恐怕是因為兩個時代的人擁有的乙太量相差甚遠……
621,TEXT_VOICEMAN_06004_005800_HERMES,我之前也說過，乙太稀少的話，<hex:02100103>會更容易與潛能量相互作用。
622,TEXT_VOICEMAN_06004_005810_HERMES,舊時代的人，也就是我們，<hex:02100103>因為體內擁有大量乙太，很難感受到潛能量，<hex:02100103>所以受到影響的並不是身體，而是使用的魔法。
623,TEXT_VOICEMAN_06004_005820_HERMES,而未來的人……<hex:02100103>由於世界分裂，他們體內的乙太量遠低於我們。
624,TEXT_VOICEMAN_06004_005830_HERMES,因此他們更容易受到潛能量的影響，<hex:02100103>從而引發自身的變化。
625,TEXT_VOICEMAN_06004_005840_HERMES,但這只能解釋兩次末日現象不同的原理，<hex:02100103>而非末日發生的原因……<hex:02100103>我認為，真正值得注意的一點是……
626,TEXT_VOICEMAN_06004_005850_EMETSELCH,哪怕只是推測也沒關係，說說看。
627,TEXT_VOICEMAN_06004_005860_HERMES,真正值得注意的是，<hex:02100103>只有絕望和恐懼等負面情感會引發那些末日現象這一點。
628,TEXT_VOICEMAN_06004_005870_HERMES,潛能量是受情感影響的力量……<hex:02100103>因此「接收者」與「釋放者」需要擁有相同的情緒，<hex:02100103>才能使這種力量發揮出作用。
629,TEXT_VOICEMAN_06004_005880_VENAS,也就是說，末日會發生並不是因為星球的循環停滯……
630,TEXT_VOICEMAN_06004_005890_VENAS,而是有什麼人或什麼東西在利用負面情感，<hex:02100103>企圖滅亡亞伊太利斯？
631,TEXT_VOICEMAN_06004_005900_EMETSELCH,真是混帳至極……<hex:02100103>是什麼樣的東西會做出這種事，你有什麼想法嗎？
632,TEXT_VOICEMAN_06004_005910_HERMES,你說災難通常都發生在天脈稀薄的地方，對吧？
633,TEXT_VOICEMAN_06004_005920_HERMES,天脈是位於星球最外側的乙太流。
634,TEXT_VOICEMAN_06004_005930_HERMES,如果利用潛能量的攻擊來自星球之外的話……<hex:02100103>那最先被攻破的就是天脈。
635,TEXT_VOICEMAN_06004_005940_METEION,你好……能聽到嗎……？
636,TEXT_VOICEMAN_06004_005950_METEION,我沒有敵意……我不是你的敵人……
637,TEXT_VOICEMAN_06004_005960_METEION,我想聽聽你的聲音……體會你的感受……<hex:02100103>了解……你的思想……
638,TEXT_VOICEMAN_06004_005970_METEION,能和我……交個朋友嗎……？
639,TEXT_VOICEMAN_06004_005980_HERMES,梅蒂恩？你怎麼了？
640,TEXT_VOICEMAN_06004_005990_METEION,到達預計時間。<hex:02100103>即將中止個體自我，連接共用意識……
641,TEXT_VOICEMAN_06004_006000_METEION,意識已連接。開始接受報告。
642,TEXT_VOICEMAN_06004_006010_METEION,啊，呃、啊——
643,TEXT_VOICEMAN_06004_006020_METEION,好痛……好痛……好痛苦……！
644,TEXT_VOICEMAN_06004_006030_METEION,快停下，好熱……我不懂……<hex:02100103>冷到刺骨……好痛……好難過……
645,TEXT_VOICEMAN_06004_006040_HERMES,梅蒂恩！你冷靜一點！
646,TEXT_VOICEMAN_06004_006050_METEION,好悲傷……好害怕……<hex:02100103>好寂寞……好痛苦……啊——
647,TEXT_VOICEMAN_06004_006060_METEION,為什麼……我們會……這麼……<hex:02100103>痛苦……好疼……好恨……好恨……好恨！
648,TEXT_VOICEMAN_06004_006070_METEION,不對……不能……這樣！
649,TEXT_VOICEMAN_06004_006080_EMETSELCH,她怎麼……突然消失了？！
650,TEXT_VOICEMAN_06004_006090_HERMES,她是透過調節體內的乙太量，將自己和環境同化了！<hex:02100103>在其他星球上遇到有敵意的生命時，<hex:02100103>她們就會使用這個功能。
651,TEXT_VOICEMAN_06004_006100_HYTHLODAEUS,她的偽裝真是完美過頭了……<hex:02100103>就連我都看不到她了！
652,TEXT_VOICEMAN_06004_006110_METEION,請不要……過來……<hex:02100103>這是錯的……是我錯了……所以……！
653,TEXT_VOICEMAN_06004_006120_VENAS,你還好嗎？
654,TEXT_VOICEMAN_06004_006130_VENAS,梅蒂恩的聲音？<hex:02100103>可我只聽到了她消失前說的那句……
655,TEXT_VOICEMAN_06004_006140_HERMES,在透過心聲交流的時候，<hex:02100103>她使用的也是潛能量。
656,TEXT_VOICEMAN_06004_006150_HERMES,所以你會比我們更容易聽到她的聲音。
657,TEXT_VOICEMAN_06004_006160_EMETSELCH,用你腦中聽到的聲音來找她！
658,TEXT_VOICEMAN_06004_006170_EMETSELCH,我們也分頭行動，儘量找找看吧！
659,TEXT_VOICEMAN_06004_006180_EMETSELCH,原來都在那裡啊。
660,TEXT_VOICEMAN_06004_006190_EMETSELCH,你繼續追梅蒂恩！<hex:02100103>把她逼到中間的涼亭那裡。
661,TEXT_VOICEMAN_06004_006200_METEION,呵、呵……
662,TEXT_VOICEMAN_06004_006210_METEION,啊！
663,TEXT_VOICEMAN_06004_006220_HERMES,我們談談吧，梅蒂恩。
664,TEXT_VOICEMAN_06004_006230_METEION,啊……對不起……<hex:02100103>赫密士……大家……真的對不起……
665,TEXT_VOICEMAN_06004_006240_METEION,如果有人能聽到的話，我想拜託你……
666,TEXT_VOICEMAN_06004_006250_METEION,請一定要……保護好大家……
667,TEXT_VOICEMAN_06004_006260_METEION,已中止個體自我。<hex:02100103>連接共用意識，狀態穩定。
668,TEXT_VOICEMAN_06004_006270_METEION,我們已完成了對群星的調查，現在開始報告。
669,TEXT_VOICEMAN_06004_006280_METEION,所有個體均已按照計畫到達目標星球，<hex:02100103>並為了尋求赫密士所提問題的答案嘗試接觸了智慧生命體。
670,TEXT_VOICEMAN_06004_006290_METEION,其結果將按照星球識別號碼按順序報告。
671,TEXT_VOICEMAN_06004_006300_METEION,甲……有文明形成的痕跡。<hex:02100103>存在類似住所的建築物，但沒有生命。
672,TEXT_VOICEMAN_06004_006310_METEION,乙……零星分佈著嚴重損毀的建築物。<hex:02100103>地表被冰雪覆蓋，無法檢測到生命。
673,TEXT_VOICEMAN_06004_006320_METEION,丙……有被稱為城市的居住群。<hex:02100103>但沒有智慧生命體，只存在遺留下來的思念體。
674,TEXT_VOICEMAN_06004_006330_METEION,丁……這裡也有類似住所的建築物，但沒有生命。<hex:02100103>推測是瘟疫或污染導致了大規模的滅絕。
675,TEXT_VOICEMAN_06004_006340_HERMES,怎麼會……全都……死了嗎？
676,TEXT_VOICEMAN_06004_006350_METEION,辛……整顆星球正處於大規模戰爭中。<hex:02100103>與居民進行了接觸，但他們很快就全部死於毀滅性武器。
677,TEXT_VOICEMAN_06004_006360_METEION,壬……只有無盡的荒漠，就連類似植物的生命都未能發現。<hex:02100103>其中存在著很多與亞伊太利斯人形狀相似的骸骨。<hex:02100103>無法判斷是否為智慧生命體。
678,TEXT_VOICEMAN_06004_006370_EMETSELCH,喂，赫密士……<hex:02100103>你交給梅蒂恩的問題到底是什麼？
679,TEXT_VOICEMAN_06004_006380_HERMES,活著的理由，還有生命的意義究竟是什麼……
680,TEXT_VOICEMAN_06004_006390_EMETSELCH,那如果這個問題的前提是錯誤的，會怎麼樣？
681,TEXT_VOICEMAN_06004_006400_EMETSELCH,這個問題只有活著並且希望繼續活下去的生命才能回答。
682,TEXT_VOICEMAN_06004_006410_EMETSELCH,但如果梅蒂恩無論飛到哪裡都找不到的話……
683,TEXT_VOICEMAN_06004_006420_EMETSELCH,你有沒有想過會發生什麼？
684,TEXT_VOICEMAN_06004_006430_EMETSELCH,她們會為這顆星球帶回什麼樣的答案？
685,TEXT_VOICEMAN_06004_006440_HERMES,呃！
686,TEXT_VOICEMAN_06004_006450_VENAS,梅蒂恩，已經夠了。<hex:02100103>立刻中止探索，全都快回來吧。
687,TEXT_VOICEMAN_06004_006460_METEION,癸戊……<hex:02100103>該星球的文明核心是一個被稱為神子的特定個體。<hex:02100103>但後來神子的怒火摧毀了整個文明。
688,TEXT_VOICEMAN_06004_006470_METEION,那位神子向我講述了整個過程，<hex:02100103>之後選擇了自殺來當作對問題的回答。<hex:02100103>除此之外並未找到任何智慧生命體。
689,TEXT_VOICEMAN_06004_006480_EMETSELCH,嘖，聽不到嗎……
690,TEXT_VOICEMAN_06004_006490_EMETSELCH,我們要把梅蒂恩帶回亞馬烏羅提，<hex:02100103>得想辦法利用她來收回那些姐妹才行。
691,TEXT_VOICEMAN_06004_006500_HERMES,啊，啊……
692,TEXT_VOICEMAN_06004_006510_HERMES,梅蒂恩……我……
693,TEXT_VOICEMAN_06004_006520_HERMES,我這樣做對嗎……<hex:02100103>捨棄你帶回的答案真的對嗎？
694,TEXT_VOICEMAN_06004_006530_HERMES,即使知道很有可能無法認同、無法理解，<hex:02100103>我們也希望能聽到其他生命的想法……
695,TEXT_VOICEMAN_06004_006540_HERMES,我曾經對你說過，<hex:02100103>無論得到怎樣的答案，我都不會直接否定。<hex:02100103>我說話算話。
696,TEXT_VOICEMAN_06004_006550_EMETSELCH,你要幹什麼？！
697,TEXT_VOICEMAN_06004_006560_HERMES,我不能讓你們帶走梅蒂恩，<hex:02100103>她的報告還沒有結束。
698,TEXT_VOICEMAN_06004_006570_HERMES,全都聽完之後，我再決定該怎麼做。<hex:02100103>抱歉，請你們不要來打擾我們！
699,TEXT_VOICEMAN_06004_006580_EMETSELCH,蠢貨！
700,TEXT_VOICEMAN_06004_006590_HERMES,終於還是走到這一步了嗎……
701,TEXT_VOICEMAN_06004_006600_HERMES,不過這一次 我絕不會退讓
702,TEXT_VOICEMAN_06004_006610_HERMES,就算被世人視作愚蠢之人<hex:02100103>我也要貫徹我的信念
703,TEXT_VOICEMAN_06004_006620_HERMES,不——我的力量——
704,TEXT_VOICEMAN_06004_006630_EMETSELCH,到時間了，赫密士。<hex:02100103>現在我要以十四人委員會的名義帶走梅蒂恩。
705,TEXT_VOICEMAN_06004_006640_EMETSELCH,另外，無論你是否答應就任法丹尼爾的席位，<hex:02100103>都必須跟我們一起走。<hex:02100103>為了處理目前的狀況，我們需要你的知識。
706,TEXT_VOICEMAN_06004_006650_HERMES,唔
707,TEXT_VOICEMAN_06004_006660_HERMES,梅蒂恩……對不起……<hex:02100103>如果可以的話，我真想好好聽完你的報告……
708,TEXT_VOICEMAN_06004_006670_HERMES,我想思考其中的意義，並用合適的話語傳達給其他人，<hex:02100103>讓大家能夠重新審視自己選擇的道路……
709,TEXT_VOICEMAN_06004_006680_HERMES,可我失敗了……我沒有足夠的力量，再也沒機會這樣做了。<hex:02100103>但是……
710,TEXT_VOICEMAN_06004_006690_HERMES,在你和我的命運被他人所掌控之前，<hex:02100103>我還有最後一個問題，希望聽到你的回答。
711,TEXT_VOICEMAN_06004_006700_HERMES,那些遙遠的星球上……曾經有過幸福嗎？
712,TEXT_VOICEMAN_06004_006710_HERMES,那些生命……曾有過活下去的理由嗎？
713,TEXT_VOICEMAN_06004_006720_METEION,我們按照你的要求進行了調查。
714,TEXT_VOICEMAN_06004_006730_METEION,我們翻閱過歷史紀錄。<hex:02100103>也與死者的靈魂進行過交流。
715,TEXT_VOICEMAN_06004_006740_METEION,有時，我們還會透過聽取智慧生命體的遺言，<hex:02100103>來了解他們的想法和認知。
716,TEXT_VOICEMAN_06004_006750_METEION,有種生命想要創造一個相親相愛的世界。
717,TEXT_VOICEMAN_06004_006760_METEION,但為了不互相傷害，他們斷絕了往來，<hex:02100103>最終被孤獨所侵蝕，徹底崩潰了。
718,TEXT_VOICEMAN_06004_006770_METEION,有種生命為了過上更好的生活而專心發展。
719,TEXT_VOICEMAN_06004_006780_METEION,但他們卻因此遭到襲擊、遭到掠奪。<hex:02100103>儘管成功復仇，但他們自身的生活也無法恢復。
720,TEXT_VOICEMAN_06004_006790_METEION,有種生命認為一切悲劇都來源於有限的時間，<hex:02100103>因此他們試圖擺脫時間的枷鎖，達到無限與永恆。
721,TEXT_VOICEMAN_06004_006800_METEION,最後他們發現，即便是宇宙也是有限的，<hex:02100103>沒有任何生命能夠逃離終結。<hex:02100103>於是他們失去了未來，也失去了活下去的理由。
722,TEXT_VOICEMAN_06004_006810_METEION,有種生命拋棄了一切會讓他們感到憤怒和悲痛的事物。
723,TEXT_VOICEMAN_06004_006820_METEION,快樂也隨之消失了，他們失去了活著的意義，<hex:02100103>靜靜地等待著死亡……
724,TEXT_VOICEMAN_06004_006830_METEION,所有生命都用語言、用心聲，以及用歷史向我們訴說。<hex:02100103>他們曾經拼盡全力地活過。
725,TEXT_VOICEMAN_06004_006840_METEION,他們曾經為了讓一切變得更加美好而拼命努力過。
726,TEXT_VOICEMAN_06004_006850_METEION,也就是在那個過程中，他們最終意識到了。
727,TEXT_VOICEMAN_06004_006860_METEION,絕望、悲痛、憤怒、孤獨、恐懼，以及斷念，<hex:02100103>會永遠存在，永遠不會消失。
728,TEXT_VOICEMAN_06004_006870_METEION,因此，我，還有另外無數個我……<hex:02100103>我們將為那些殊途同歸的先行者獻出我們的聲音，<hex:02100103>謳歌他們的終結，謳歌一切的終結。
729,TEXT_VOICEMAN_06004_006880_METEION,親愛的人類，美麗的亞伊太利斯上的生命啊，<hex:02100103>不用再被那痛苦且毫無意義的東西束縛了，<hex:02100103>我們會幫你們從「生」的桎梏中解放……
730,TEXT_VOICEMAN_06004_006890_METEION,你們無需反抗，無需掙扎，只要平靜地等待我們的救贖就好了。<hex:02100103>終結是正確且美麗的……它會為你們帶來永恆的安寧與祥和。
731,TEXT_VOICEMAN_06004_006900_METEION,我們將在宇宙的盡頭築巢，<hex:02100103>從死亡的星球上收集絕望、悲傷與痛苦。
732,TEXT_VOICEMAN_06004_006910_METEION,我們的歌聲將會越來越響亮，越來越清晰。<hex:02100103>然後，它會為這顆被乙太所包圍的星球帶來終結。
733,TEXT_VOICEMAN_06004_006920_METEION,這就是那個問題的答案，<hex:02100103>也是滿天繁星贈與亞伊太利斯的——結論。
734,TEXT_VOICEMAN_06004_006930_EMETSELCH,別開玩笑了！<hex:02100103>我們的命運憑什麼由你們來決定！
735,TEXT_VOICEMAN_06004_006940_EMETSELCH,你瘋了嗎？！<hex:02100103>聽到那些話之後，你還打算站在她那邊嗎？！<hex:02100103>她可是要毀滅我們啊！
736,TEXT_VOICEMAN_06004_006950_HERMES,我們不也會為了讓星球更加美好，<hex:02100103>而結束掉那些不符合標準的生命嗎。
737,TEXT_VOICEMAN_06004_006960_HERMES,如果我們相信消滅那些生命才是正確的做法，<hex:02100103>那和她們給出的結論也沒有什麼區別吧。
738,TEXT_VOICEMAN_06004_006970_EMETSELCH,你那是在詭辯！
739,TEXT_VOICEMAN_06004_006980_HERMES,是啊，你說的對。<hex:02100103>我可能是錯的吧，<hex:02100103>但這不代表你們就是正確的。
740,TEXT_VOICEMAN_06004_006990_HERMES,所以，我們需要一場裁決。
741,TEXT_VOICEMAN_06004_007000_HERMES,這裡是厄爾庇斯，生命的實驗場……<hex:02100103>我將以所長赫密士之名，對「人類」進行裁決。
742,TEXT_VOICEMAN_06004_007010_HERMES,如果人類能夠學會珍惜一切生命，<hex:02100103>渴望繼續活下去，並且值得活下去，<hex:02100103>那無論終結再怎麼被歌頌為真理，人類也會找到活下去的辦法。
743,TEXT_VOICEMAN_06004_007020_HERMES,如果並非如此，這顆星球便會毀滅……
744,TEXT_VOICEMAN_06004_007030_HERMES,既然這是一場裁決，那就必須要公平公正才行。
745,TEXT_VOICEMAN_06004_007040_HERMES,啟動吧！卡伊洛斯！
746,TEXT_VOICEMAN_06004_007050_KAIROS,(-卡伊洛斯-)記憶修改系統——卡伊洛斯，啟動。<hex:02100103>請下達您的指令。
747,TEXT_VOICEMAN_06004_007060_HERMES,卡伊洛斯，消除並修改極北造物院內所有物件的記憶。
748,TEXT_VOICEMAN_06004_007070_HERMES,開始時間設置為十四人委員會的愛梅特賽爾克到達前關門的那一刻，<hex:02100103>結束時間……設置為現在。<hex:02100103>不要留下任何原有記憶。
749,TEXT_VOICEMAN_06004_007080_HERMES,同時，以「勉強能回想起來」的程度，<hex:02100103>將下面的新記憶替換上去。
750,TEXT_VOICEMAN_06004_007090_HERMES,我原本正在這裡向愛梅特賽爾克和希斯拉德介紹工作，<hex:02100103>並啟動了平時研究用的卡伊洛斯。
751,TEXT_VOICEMAN_06004_007100_HERMES,但是梅蒂恩的共用意識卻恰好在此時失去了控制，<hex:02100103>她和宇宙中所有的個體均無法繼續維持自身的存在，<hex:02100103>全部爆炸了。
752,TEXT_VOICEMAN_06004_007110_HERMES,爆炸時產生的衝擊觸發了卡伊洛斯的錯誤操作，<hex:02100103>導致造物院內所有人都失去了近幾天的記憶。
753,TEXT_VOICEMAN_06004_007120_KAIROS,(-卡伊洛斯-)指令已收到。<hex:02100103>發動準備……共有三個進程，開始處理第一進程。
754,TEXT_VOICEMAN_06004_007130_HYTHLODAEUS,不錯的想法。<hex:02100103>消除所有人的記憶嗎，的確很公平。
755,TEXT_VOICEMAN_06004_007140_HYTHLODAEUS,這樣一來，與你相遇，聽你講述未來，<hex:02100103>還有梅蒂恩打算引發末日的事實，<hex:02100103>都會被忘得一乾二淨。
756,TEXT_VOICEMAN_06004_007150_HERMES,去吧，梅蒂恩。<hex:02100103>去到那沒有任何人能夠到達的宇宙盡頭。
757,TEXT_VOICEMAN_06004_007160_METEION,赫密士，你不和我們一起來？<hex:02100103>只要捨棄現在的血肉之身，我就能把你一起帶走。
758,TEXT_VOICEMAN_06004_007165_HERMES,呵……
759,TEXT_VOICEMAN_06004_007170_HERMES,我將作為人類，與你帶來的末日抗爭到最後一刻。
760,TEXT_VOICEMAN_06004_007180_METEION,真是愚蠢啊……<hex:02100103>明明只要答應這個條件，我就能夠給你帶來最溫柔的終結。
761,TEXT_VOICEMAN_06004_007190_VENAS,我不會讓你走的！
762,TEXT_VOICEMAN_06004_007200_HERMES,飛吧，梅蒂恩！
763,TEXT_VOICEMAN_06004_007210_HERMES,呃？！
764,TEXT_VOICEMAN_06004_007220_EMETSELCH,胡鬧到此為止了，赫密士！
765,TEXT_VOICEMAN_06004_007230_VENAS,阿爾戈斯，過來！
766,TEXT_VOICEMAN_06004_007235_VENAS,嘿！
767,TEXT_VOICEMAN_06004_007240_KAIROS,(-卡伊洛斯-)正在準備修改記憶……第一進程結束。<hex:02100103>開始處理第二進程……
768,TEXT_VOICEMAN_06004_007250_HYTHLODAEUS,時間所剩不多了……
769,TEXT_VOICEMAN_06004_007260_HYTHLODAEUS,你聽好，今天發生的事絕對不能忘記。<hex:02100103>你在這裡獲悉的真相是拯救未來的關鍵。
770,TEXT_VOICEMAN_06004_007270_HYTHLODAEUS,這場戰鬥是我們的戰鬥，無論結局如何，<hex:02100103>終究都是我們的歷史，並不是你的。
771,TEXT_VOICEMAN_06004_007280_HYTHLODAEUS,你自己的戰鬥還在未來等著你，<hex:02100103>而且沒有任何人能代替你。
772,TEXT_VOICEMAN_06004_007290_HYTHLODAEUS,所以你一定要從這裡逃出去！<hex:02100103>我會幫你的，放心吧。
773,TEXT_VOICEMAN_06004_007300_HYTHLODAEUS,嗯……究竟在哪呢？
774,TEXT_VOICEMAN_06004_007310_HYTHLODAEUS,找到了，空間的接縫！
775,TEXT_VOICEMAN_06004_007320_VENAS,還差一點！
776,TEXT_VOICEMAN_06004_007330_VENAS,呃
777,TEXT_VOICEMAN_06004_007340_VENAS,既然如此，那就……
778,TEXT_VOICEMAN_06004_007350_VENAS,就算是宇宙盡頭，我們也會找到你！
779,TEXT_VOICEMAN_06004_007360_HYTHLODAEUS,讓梅蒂恩跑了嗎……！
780,TEXT_VOICEMAN_06004_007370_KAIROS,(-卡伊洛斯-)第二進程結束，開始處理最終進程……
781,TEXT_VOICEMAN_06004_007380_HYTHLODAEUS,現在不是懊惱的時候。
782,TEXT_VOICEMAN_06004_007390_HYTHLODAEUS,你聽好，造物院內部是由多個空間組成的，<hex:02100103>而接縫就在這前面。
783,TEXT_VOICEMAN_06004_007400_HYTHLODAEUS,我會破壞那個接縫，打開一個出口，<hex:02100103>你只要跳進去就可以了。
784,TEXT_VOICEMAN_06004_007410_HERMES,我真的……覺得很對不起你……
785,TEXT_VOICEMAN_06004_007420_HERMES,但是，我絕對不能讓你逃走！
786,TEXT_VOICEMAN_06004_007430_HYTHLODAEUS,我就知道會是這樣！
787,TEXT_VOICEMAN_06004_007440_HYTHLODAEUS,真不愧是愛梅特賽爾克，幹得漂亮！
788,TEXT_VOICEMAN_06004_007450_HERMES,這是怎麼回事？<hex:02100103>你不是說……空間的接縫在那邊嗎……
789,TEXT_VOICEMAN_06004_007460_HYTHLODAEUS,抱歉，我亂說的，<hex:02100103>畢竟只有我和愛梅特賽爾克能看到。
790,TEXT_VOICEMAN_06004_007470_EMETSELCH,空間的接縫從始至終都在現在的位置。
791,TEXT_VOICEMAN_06004_007480_EMETSELCH,他裝模作樣地往什麼都沒有的地方走時，<hex:02100103>我就知道是為了分散你注意而耍的花招。
792,TEXT_VOICEMAN_06004_007490_HYTHLODAEUS,再說了，我的箭也破壞不了接縫啊！
793,TEXT_VOICEMAN_06004_007500_EMETSELCH,這主意真是蠢到家了……<hex:02100103>不過我們有個總是給人添麻煩的老朋友，<hex:02100103>這種程度的配合早就習以為常了。
794,TEXT_VOICEMAN_06004_007510_EMETSELCH,而且，要說亂來的話，並不是只有我們。
795,TEXT_VOICEMAN_06004_007520_EMETSELCH,她可是讓那傢伙繼承了自己席位的人，<hex:02100103>肯定一眼就看穿這個餿主意了。
796,TEXT_VOICEMAN_06004_007530_EMETSELCH,沒時間了，你們快走！
797,TEXT_VOICEMAN_06004_007540_EMETSELCH,我到現在也不相信你所講述的未來。<hex:02100103>因為我不會讓我們的歷史變成那副慘狀。
798,TEXT_VOICEMAN_06004_007550_EMETSELCH,不過，如果非得說點什麼的話……
799,TEXT_VOICEMAN_06004_007560_EMETSELCH,不要丟掉「我」託付給你的東西。
800,TEXT_VOICEMAN_06004_007570_KAIROS,(-卡伊洛斯-)最終進程結束。<hex:02100103>開始消除並修改記憶。
801,TEXT_VOICEMAN_06004_007580_VENAS,阿爾戈斯！
802,TEXT_VOICEMAN_06004_007590_VENAS,唔……
803,TEXT_VOICEMAN_06004_007600_VENAS,我沒事……就是有點累了……
804,TEXT_VOICEMAN_06004_007610_VENAS,天上的無數光芒，都是迎來了終結的星球遺骸嗎？
805,TEXT_VOICEMAN_06004_007620_VENAS,只有我們還活著，還能感受到世界的美好？
806,TEXT_VOICEMAN_06004_007630_VENAS,而那些星球上的生命，居然早就已經放棄了？
807,TEXT_VOICEMAN_06004_007640_VENAS,但是……
808,TEXT_VOICEMAN_06004_007650_VENAS,儘管遙不可及，我還是能感覺到她的存在。
809,TEXT_VOICEMAN_06004_007660_VENAS,在梅蒂恩飛走之前，我在她身上施加了追蹤魔法。
810,TEXT_VOICEMAN_06004_007670_VENAS,她已經飛出了亞伊太利斯，並且離我們越來越遠。<hex:02100103>想要在浩瀚的宇宙中找到她的具體位置肯定很不容易。
811,TEXT_VOICEMAN_06004_007680_VENAS,但是多虧了愛梅特賽爾克和希斯拉德，<hex:02100103>我們還記得今天的事。
812,TEXT_VOICEMAN_06004_007690_VENAS,只要我們還記得，就絕不會束手待斃。
813,TEXT_VOICEMAN_06004_Q10_000_001_NONE_VOICE,要說什麼？
814,TEXT_VOICEMAN_06004_A10_000_001_NONE_VOICE,不知道愛梅特賽爾克他們怎麼樣了……
815,TEXT_VOICEMAN_06004_A10_000_002_NONE_VOICE,我們得了解一下現在的狀況才行
816,TEXT_VOICEMAN_06004_007700_VENAS,去造物院看看吧。<hex:02100103>他們應該還在那裡。
817,TEXT_VOICEMAN_06004_007710_VENAS,你說的對。<hex:02100103>去造物院看看吧。
818,TEXT_VOICEMAN_06004_007720_VENAS,不過，他們才剛被修改了記憶，<hex:02100103>我們最好不要直接和他們見面，以免造成混亂。
819,TEXT_VOICEMAN_06004_007730_VENAS,抱歉，又得麻煩你了。<hex:02100103>今天真是辛苦你了，稍後好好休息吧。
820,TEXT_VOICEMAN_06004_007740_VENAS,阿爾戈斯會共用它的感官，<hex:02100103>我們能夠透過它的眼睛和耳朵去觀察那邊的情況。
821,TEXT_VOICEMAN_06004_007750_VENAS,來，閉上眼睛，集中精神……
822,TEXT_VOICEMAN_06004_007760_HYPERBOREIASTAFF,你們三位沒事就好。
823,TEXT_VOICEMAN_06004_007770_EMETSELCH,失去記憶也能叫沒事嗎！<hex:02100103>到達厄爾庇斯之後的事我可是一丁點都不記得了。
824,TEXT_VOICEMAN_06004_007780_HERMES,實在是……對不起……
825,TEXT_VOICEMAN_06004_007790_HERMES,我也沒想到，本來只是介紹日常工作的情況，<hex:02100103>可在準備展示卡伊洛斯的功能時……
826,TEXT_VOICEMAN_06004_007800_HERMES,梅蒂恩會……失去控制……然後……
827,TEXT_VOICEMAN_06004_007810_HYPERBOREIASTAFF,哦……<hex:02100103>難怪院內會進入警戒狀態。
828,TEXT_VOICEMAN_06004_007820_HYPERBOREIASTAFF,所以你們幾位是被卡伊洛斯的錯誤操作消除了記憶嗎……
829,TEXT_VOICEMAN_06004_007830_EMETSELCH,應該是。<hex:02100103>我這幾天的記憶都變成了一片空白。
830,TEXT_VOICEMAN_06004_007840_HYPERBOREIASTAFF,真是太不幸了……<hex:02100103>說起來，和你們一起進去的維涅斯大人還有另外一個人，<hex:02100103>那兩位也都沒事吧？
831,TEXT_VOICEMAN_06004_007850_EMETSELCH,維涅斯當時也在裡面？
832,TEXT_VOICEMAN_06004_007860_HYTHLODAEUS,我不記得她是不是和我們在一起了……
833,TEXT_VOICEMAN_06004_007870_HYTHLODAEUS,不過她的使魔就在那裡，<hex:02100103>看起來也沒有要求助的意思，所以應該沒事吧。
834,TEXT_VOICEMAN_06004_007880_HYTHLODAEUS,你剛才還說了「另一個人」對吧？<hex:02100103>那是誰呢？
835,TEXT_VOICEMAN_06004_007890_HYPERBOREIASTAFF,我也不知道……<hex:02100103>但是那個人有點與眾不同，<hex:02100103>外貌也和我們多少有些差異。
836,TEXT_VOICEMAN_06004_007900_HYPERBOREIASTAFF,說不定是誰的使魔吧。
837,TEXT_VOICEMAN_06004_007910_HYTHLODAEUS,有意思……不知道是不是維涅斯大人的，<hex:02100103>等有機會問問她好了。
838,TEXT_VOICEMAN_06004_007920_EMETSELCH,先別管什麼使魔了，趕快帶赫密士去治療吧。<hex:02100103>他八成是被那個失去控制的梅蒂恩波及到了。
839,TEXT_VOICEMAN_06004_007930_EMETSELCH,等你好些了就和我們一起回亞馬烏羅提。<hex:02100103>以防萬一，還得檢查一下有沒有其他問題。
840,TEXT_VOICEMAN_06004_007940_EMETSELCH,另外，我來這裡是為了傳達十四人委員會的決定，<hex:02100103>雖然我覺得我們已經談過了，但既然失去了記憶，<hex:02100103>就只能再說一次了。
841,TEXT_VOICEMAN_06004_007950_HERMES,我知道了……那就麻煩你了……
842,TEXT_VOICEMAN_06004_007960_HYTHLODAEUS,卡伊洛斯是用乙太放射來修改記憶的吧。
843,TEXT_VOICEMAN_06004_007970_HYTHLODAEUS,我記得有一種說法認為，<hex:02100103>在回歸星球之時靈魂會被淨化，<hex:02100103>被強烈乙太所影響的記憶也能得到恢復。
844,TEXT_VOICEMAN_06004_007980_HYTHLODAEUS,所以等我們回歸的時候，<hex:02100103>應該就能想起這幾天的事了吧？
845,TEXT_VOICEMAN_06004_007990_EMETSELCH,就這麼幾天能有什麼重要的事。<hex:02100103>在最後一刻，我肯定希望看到一些更有意義的回憶。
846,TEXT_VOICEMAN_06004_008000_VENAS,稍微休息一下吧……
847,TEXT_VOICEMAN_06004_008010_VENAS,畢竟你和我……<hex:02100103>都還有很長一段路要走。
848,TEXT_VOICEMAN_06004_008020_VENAS,連接著你那個時代的時空之門，就在這裡面吧？
849,TEXT_VOICEMAN_06004_Q11_000_001_NONE_VOICE,要說什麼？
850,TEXT_VOICEMAN_06004_A11_000_001_NONE_VOICE,是的，我們要在這裡告別了
851,TEXT_VOICEMAN_06004_A11_000_002_NONE_VOICE,我還是留在這個時代幫忙比較好吧……
852,TEXT_VOICEMAN_06004_008030_VENAS,希望你和你那個時代的人能夠獲得勝利。
853,TEXT_VOICEMAN_06004_008040_VENAS,你在厄爾庇斯度過的時光，<hex:02100103>還有愛梅特賽爾克他們的努力，絕不是沒有意義的。<hex:02100103>好好利用在這裡了解到的一切去戰鬥吧。
854,TEXT_VOICEMAN_06004_008050_VENAS,謝謝你這麼喜歡這裡。<hex:02100103>但是，這場戰鬥必須要從長計議才行。
855,TEXT_VOICEMAN_06004_008060_VENAS,雖然目前你的狀況比較穩定，<hex:02100103>但在這裡停留太久的話是很危險的。
856,TEXT_VOICEMAN_06004_008070_VENAS,所以你必須回到屬於你自己的戰場，<hex:02100103>好好利用在這裡了解到的一切去戰鬥。<hex:02100103>別讓愛梅特賽爾克他們的努力白費。
857,TEXT_VOICEMAN_06004_008080_VENAS,梅蒂恩已經在宇宙的某處開始執行她的計畫了。<hex:02100103>相信末日遲早有一天會降臨這顆星球。
858,TEXT_VOICEMAN_06004_008090_VENAS,在那之前，我們必須做好準備。<hex:02100103>制定防禦對策，研究前往宇宙的方法……<hex:02100103>要做的事簡直堆積如山。
859,TEXT_VOICEMAN_06004_008100_VENAS,但是，也不能輕易把這件事公開。<hex:02100103>如果大家知道了其他星球的命運，<hex:02100103>情況可能會變得更為複雜。
860,TEXT_VOICEMAN_06004_008110_VENAS,必須要找到可以信任的人，腳踏實地地完成每一件事才行……
861,TEXT_VOICEMAN_06004_008120_VENAS,我本應該向十四人委員會尋求協助，<hex:02100103>但赫密士是為了追求裁決的公平才消除了他們的記憶，<hex:02100103>如果他知道了這件事，說不定反而會成為敵人……
862,TEXT_VOICEMAN_06004_008130_VENAS,可要是讓他離開委員會的話，<hex:02100103>又會少一位可以制定末日對策的優秀人才。
863,TEXT_VOICEMAN_06004_008140_VENAS,真是難辦啊……<hex:02100103>看來……末日來臨的時候我只能用自己的方式去想辦法了。
864,TEXT_VOICEMAN_06004_008150_VENAS,總之，為了從根本上解決這個問題，<hex:02100103>我們必須要直面赫密士的挑戰，<hex:02100103>證明人類是值得活下來的。
865,TEXT_VOICEMAN_06004_008160_VENAS,能否證明這一點，就要看在面對末日……<hex:02100103>面對突如其來的死亡和不可避免的絕望時，<hex:02100103>人類能做些什麼。
866,TEXT_VOICEMAN_06004_008170_VENAS,如果只是呆立在原地，<hex:02100103>我們便會和那些星球遺骸上的生命一樣迎來終結。
867,TEXT_VOICEMAN_06004_008180_VENAS,如果我們連末日之劫都無法渡過的話，<hex:02100103>那就算能到達她們的巢穴，也不過是死路一條而已。
868,TEXT_VOICEMAN_06004_008190_VENAS,我們必須讓大家團結起來，<hex:02100103>努力找到一條戰勝絕望的道路。
869,TEXT_VOICEMAN_06004_008200_VENAS,引導眾人肯定是一件非常繁重、非常困難的事……
870,TEXT_VOICEMAN_06004_008210_VENAS,但我更相信人類無限的可能性。<hex:02100103>沒有什麼是無法辦到的，所以我絕對不會放棄人類。
871,TEXT_VOICEMAN_06004_008220_VENAS,等待著我的，或許並不是你所知道的那段歷史。<hex:02100103>又或許愛梅特賽爾克他們失去記憶的事，<hex:02100103>會讓我們再次有所交集……
872,TEXT_VOICEMAN_06004_008230_VENAS,但無論如何，真相只有在那一刻到來的時候才會揭曉。<hex:02100103>所以我不會盲信你給我講述的一切，<hex:02100103>而是盡自己最大的努力，走好自己的每一步。
873,TEXT_VOICEMAN_06004_008240_VENAS,希望你也能和我一樣，繼續走到最後。
874,TEXT_VOICEMAN_06004_008250_VENAS,在你向前邁進之時，我也正在前進……<hex:02100103>而同樣期盼著未來之人，一定會成為你的同伴。
875,TEXT_VOICEMAN_06004_008260_VENAS,如果在旅途的終點，<hex:02100103>人類已經得到了足以對抗絕望的力量……
876,TEXT_VOICEMAN_06004_008270_VENAS,那我們就去擊敗那謳歌終結之物吧。
877,TEXT_VOICEMAN_06004_008280_VENAS,去告訴她人類的回答——<hex:02100103>我們的旅途還遠沒有結束！
878,TEXT_VOICEMAN_06004_008290_VENAS,那就這麼約好了，遙遠的未來之光。<hex:02100103>這也許是永別，但希望我們未來還會再見。
879,TEXT_VOICEMAN_06004_008300_HERMES,即日起我將繼承法丹尼爾的席位<hex:02100103>還請各位多多關照
880,TEXT_VOICEMAN_06004_008310_VENAS,映照在我眼中的 是末日降臨的光景<hex:02100103>天上地下無處不在燃燒
881,TEXT_VOICEMAN_06004_008320_VENAS,繁星猶如淚水飛落 哀嘆令大海不再清澈
882,TEXT_VOICEMAN_06004_008330_VENAS,斷念令樹木腐朽
883,TEXT_VOICEMAN_06004_008340_VENAS,恐懼令掌握於心的技藝失控……
884,TEXT_VOICEMAN_06004_008350_VENAS,那些都是已逝生命的絕望
885,TEXT_VOICEMAN_06004_008360_VENAS,絕望化成了一首歌<hex:02100103>一首為世界帶來終結的歌
886,TEXT_VOICEMAN_06004_008370_VENAS,藏在宇宙盡頭的<hex:02100103>已不再是帶來希望的使魔
887,TEXT_VOICEMAN_06004_008380_VENAS,而是絕望的化身
888,TEXT_VOICEMAN_06004_008390_VENAS,人類在那一天 獻祭了半數同胞<hex:02100103>創造出佐狄亞克
889,TEXT_VOICEMAN_06004_008400_VENAS,高密度乙太覆蓋了亞伊太利斯<hex:02100103>將末日隔絕在外
890,TEXT_VOICEMAN_06004_008410_VENAS,可悲泣與哀嘆仍在迴響
891,TEXT_VOICEMAN_06004_008420_VENAS,逝去的生命和慘烈的死亡<hex:02100103>給予了人們沉痛的一擊
892,TEXT_VOICEMAN_06004_008430_VENAS,人類第一次知道了痛苦
893,TEXT_VOICEMAN_06004_008440_VENAS,這痛苦實在難以忍受<hex:02100103>於是人類只能向記憶中的輝煌過去尋求安慰
894,TEXT_VOICEMAN_06004_008450_ANCIENTMEMORYA,我看不下去了，<hex:02100103>為何我們仍在承受苦難？
895,TEXT_VOICEMAN_06004_008460_ANCIENTMEMORYB,不管用什麼方法我們都要回去……<hex:02100103>回到那沒有陰霾的世界，那個美好的樂園……
896,TEXT_VOICEMAN_06004_008470_VENAS,不，這是不對的。<hex:02100103>如今，我們感受了痛苦，體會了悲傷，知曉了絕望。
897,TEXT_VOICEMAN_06004_008480_VENAS,這是任何文明都無法徹底避免的，<hex:02100103>如果想要繼續活下去，就必須學會與它們為伴。
898,TEXT_VOICEMAN_06004_008490_VENAS,我們要做的不是忘記這場悲劇，<hex:02100103>而是將它牢記於心，繼續前進。<hex:02100103>這樣我們才能變得更加堅強！
899,TEXT_VOICEMAN_06004_008500_ANCIENTMEMORYA,不……我們不會接受這樣的現實！<hex:02100103>我們明明創造了一個完美的世界，沒有任何悲傷，也沒有任何痛苦！
900,TEXT_VOICEMAN_06004_008510_VENAS,不對，你錯了！<hex:02100103>這個世界也是有悲傷和痛苦的。<hex:02100103>只不過是恰好沒有降臨到人類身上！
901,TEXT_VOICEMAN_06004_008520_VENAS,請睜開你們的雙眼吧！<hex:02100103>我們不應該透過犧牲生命來挽回生命，<hex:02100103>以這種方式回到原點根本稱不上進步。
902,TEXT_VOICEMAN_06004_008530_VENAS,根本就不存在沒有陰影的樂園！<hex:02100103>如果不能接受這個現實，不能從痛苦中吸取教訓，<hex:02100103>那這場悲劇還會再度上演！
903,TEXT_VOICEMAN_06004_008540_ANCIENTMEMORYB,啊，佐狄亞克……我們創造的神啊！<hex:02100103>請聆聽我們的請求，實現我們的願望吧。
904,TEXT_VOICEMAN_06004_008550_ANCIENTMEMORYB,接受這些生命的供奉，拯救那些失去的生命……<hex:02100103>然後就帶我們回去吧……
905,TEXT_VOICEMAN_06004_008560_ANCIENTMEMORYB,帶我們回到與星球互相愛護的那段幸福的時光……
906,TEXT_VOICEMAN_06004_008570_ANCIENTMEMORYA,你想要破壞這個完美的世界嗎？
907,TEXT_VOICEMAN_06004_008580_VENAS,大地一望無際，天空讓人沉溺其中。<hex:02100103>大自然的呼吸是那麼沉穩有力……
908,TEXT_VOICEMAN_06004_008590_VENAS,在這個美麗的星球上，人類點亮了文明的燈火，<hex:02100103>他們的歡聲笑語讓我感受到了前所未有的溫暖。
909,TEXT_VOICEMAN_06004_008600_VENAS,我太愛他們了。<hex:02100103>他們已經成為了我生存的意義。
910,TEXT_VOICEMAN_06004_008610_VENAS,所以我相信他們，相信人類的可能性。
911,TEXT_VOICEMAN_06004_008620_VENAS,我相信無論世界變成什麼樣，<hex:02100103>人類都能找到屬於自己的道路。
912,TEXT_VOICEMAN_06004_008630_VENAS,我會分離這個世界，<hex:02100103>讓他們仰賴的神再也發揮不出力量。
913,TEXT_VOICEMAN_06004_008640_VENAS,讓他們永遠失去飛往樂園的翅膀。
914,TEXT_VOICEMAN_06004_008650_VENAS,人類將從此邁出第一步。
915,TEXT_VOICEMAN_06004_008660_VENAS,極度的疼痛伴隨著我<hex:02100103>就連呼吸都成了一種折磨
916,TEXT_VOICEMAN_06004_008670_VENAS,我創造了一個滿是悲傷和苦難的新世界
917,TEXT_VOICEMAN_06004_008680_VENAS,在短暫一瞬間 生命從世間消散<hex:02100103>但仍然是一瞬間 又有新生命閃現
918,TEXT_VOICEMAN_06004_008690_VENAS,在同樣的瞬間<hex:02100103>他們各自獲得了生與死的答案
919,TEXT_VOICEMAN_06004_008700_VENAS,為什麼 雖然獲得了生命<hex:02100103>卻轉瞬即逝 空餘下無力的吶喊
920,TEXT_VOICEMAN_06004_008710_VENAS,正因為是不完全之人<hex:02100103>他們才會不斷踏上尋找答案的旅途
921,TEXT_VOICEMAN_06004_008720_VENAS,去尋找吧……<hex:02100103>尋找能讓自己不畏死亡的堅定意志
922,TEXT_VOICEMAN_06004_008730_VENAS,去尋找吧……<hex:02100103>尋找能讓自己努力前進的美好願景
923,TEXT_VOICEMAN_06004_008740_VENAS,去尋找吧……<hex:02100103>在黑暗之中尋找喜悅
924,TEXT_VOICEMAN_06004_008750_VENAS,以及在絕望之中 尋找不滅的光
925,TEXT_VOICEMAN_06004_008760_HYDAELYN,你我二人的時間 即將交匯
926,TEXT_VOICEMAN_06004_008770_HYDAELYN,當你知曉這句話的含義時<hex:02100103>如果你已在旅途中獲得了足夠的力量<hex:02100103>能夠通過那殘酷的試煉……
927,TEXT_VOICEMAN_06004_008780_HYDAELYN,就讓我們來實現在久遠的時間之前所結下的約定吧
